100 11941
265 749
968 499
330 757
174 862
845 495
619 782
296 837
860 105
745 165
752 802
194 931
198 164
466 638
141 744
331 723
231 149
197 644
977 736
819 744
185 872
119 412
752 984
547 316
481 757
819 764
401 999
222 810
718 218
870 322
596 135
489 797
392 201
621 905
466 424
537 811
876 256
732 509
619 961
224 238
557 524
301 710
945 149
181 915
848 846
426 744
816 285
800 476
857 855
299 448
601 467
330 524
558 180
505 833
801 392
516 152
857 333
859 772
252 387
187 742
674 174
259 641
655 380
708 377
904 733
593 874
298 623
227 833
855 821
653 688
180 164
192 351
167 890
350 538
883 141
264 827
176 436
458 684
190 760
434 379
858 595
649 653
329 108
199 693
880 621
456 735
974 443
463 238
425 852
611 322
620 245
130 112
711 288
351 557
819 836
886 292
447 710
225 553
513 909
536 581
814 496
