6
5 30 87
0 1
0 17
0 18
1 6
1 7
1 9
1 23
1 26
2 8
2 9
2 12
2 16
2 17
2 22
2 25
3 4
3 6
3 9
3 10
3 11
3 16
3 29
4 7
4 11
4 12
4 14
4 18
4 20
5 14
5 16
5 17
5 20
5 25
5 26
5 29
6 10
6 13
6 14
6 24
6 26
6 27
7 11
7 17
7 20
7 22
7 26
8 16
8 17
8 25
9 15
9 18
9 22
9 24
9 29
10 14
10 18
10 23
10 24
11 27
11 28
12 15
12 16
12 21
12 25
13 20
13 22
13 26
14 15
14 16
14 19
14 23
14 24
14 27
15 21
15 27
18 23
18 28
19 20
19 23
19 25
19 27
20 24
21 23
22 28
23 25
23 29
27 29
5 30 87
0 1
0 17
0 18
1 6
1 7
1 9
1 23
1 26
2 8
2 9
2 12
2 16
2 17
2 22
2 25
3 4
3 6
3 9
3 10
3 11
3 16
3 29
4 7
4 11
4 12
4 14
4 18
4 20
5 14
5 16
5 17
5 20
5 25
5 26
5 29
6 10
6 13
6 14
6 24
6 26
6 27
7 11
7 17
7 20
7 22
7 26
8 16
8 17
8 25
9 15
9 18
9 22
9 24
9 29
10 14
10 18
10 23
10 24
11 27
11 28
12 15
12 16
12 21
12 25
13 20
13 22
13 26
14 15
14 16
14 19
14 23
14 24
14 27
15 21
15 27
18 23
18 28
19 20
19 23
19 25
19 27
20 24
21 23
22 28
23 25
23 29
27 29
3 30 87
0 1
0 17
0 18
1 6
1 7
1 9
1 23
1 26
2 8
2 9
2 12
2 16
2 17
2 22
2 25
3 4
3 6
3 9
3 10
3 11
3 16
3 29
4 7
4 11
4 12
4 14
4 18
4 20
5 14
5 16
5 17
5 20
5 25
5 26
5 29
6 10
6 13
6 14
6 24
6 26
6 27
7 11
7 17
7 20
7 22
7 26
8 16
8 17
8 25
9 15
9 18
9 22
9 24
9 29
10 14
10 18
10 23
10 24
11 27
11 28
12 15
12 16
12 21
12 25
13 20
13 22
13 26
14 15
14 16
14 19
14 23
14 24
14 27
15 21
15 27
18 23
18 28
19 20
19 23
19 25
19 27
20 24
21 23
22 28
23 25
23 29
27 29
4 30 87
0 1
0 17
0 18
1 6
1 7
1 9
1 23
1 26
2 8
2 9
2 12
2 16
2 17
2 22
2 25
3 4
3 6
3 9
3 10
3 11
3 16
3 29
4 7
4 11
4 12
4 14
4 18
4 20
5 14
5 16
5 17
5 20
5 25
5 26
5 29
6 10
6 13
6 14
6 24
6 26
6 27
7 11
7 17
7 20
7 22
7 26
8 16
8 17
8 25
9 15
9 18
9 22
9 24
9 29
10 14
10 18
10 23
10 24
11 27
11 28
12 15
12 16
12 21
12 25
13 20
13 22
13 26
14 15
14 16
14 19
14 23
14 24
14 27
15 21
15 27
18 23
18 28
19 20
19 23
19 25
19 27
20 24
21 23
22 28
23 25
23 29
27 29
3 30 87
0 1
0 17
0 18
1 6
1 7
1 9
1 23
1 26
2 8
2 9
2 12
2 16
2 17
2 22
2 25
3 4
3 6
3 9
3 10
3 11
3 16
3 29
4 7
4 11
4 12
4 14
4 18
4 20
5 14
5 16
5 17
5 20
5 25
5 26
5 29
6 10
6 13
6 14
6 24
6 26
6 27
7 11
7 17
7 20
7 22
7 26
8 16
8 17
8 25
9 15
9 18
9 22
9 24
9 29
10 14
10 18
10 23
10 24
11 27
11 28
12 15
12 16
12 21
12 25
13 20
13 22
13 26
14 15
14 16
14 19
14 23
14 24
14 27
15 21
15 27
18 23
18 28
19 20
19 23
19 25
19 27
20 24
21 23
22 28
23 25
23 29
27 29
4 30 87
0 1
0 17
0 18
1 6
1 7
1 9
1 23
1 26
2 8
2 9
2 12
2 16
2 17
2 22
2 25
3 4
3 6
3 9
3 10
3 11
3 16
3 29
4 7
4 11
4 12
4 14
4 18
4 20
5 14
5 16
5 17
5 20
5 25
5 26
5 29
6 10
6 13
6 14
6 24
6 26
6 27
7 11
7 17
7 20
7 22
7 26
8 16
8 17
8 25
9 15
9 18
9 22
9 24
9 29
10 14
10 18
10 23
10 24
11 27
11 28
12 15
12 16
12 21
12 25
13 20
13 22
13 26
14 15
14 16
14 19
14 23
14 24
14 27
15 21
15 27
18 23
18 28
19 20
19 23
19 25
19 27
20 24
21 23
22 28
23 25
23 29
27 29
