1000 500
2 449
3 829
4 241
5 229
5 128
5 349
7 642
7 532
10 34
12 681
12 960
13 471
14 677
14 548
15 591
16 313
16 401
17 668
19 210
25 826
26 543
27 879
28 126
28 412
31 168
31 779
32 37
32 830
33 585
33 703
35 164
35 408
36 892
36 130
37 51
38 899
42 156
43 405
44 339
44 158
45 369
45 596
47 91
48 673
48 744
48 923
49 389
49 602
50 593
51 358
51 619
53 169
54 225
54 719
54 689
56 356
56 858
56 468
57 649
60 730
60 496
61 149
61 623
64 170
66 668
66 548
67 577
69 394
69 982
69 548
71 790
71 363
72 142
73 673
73 672
75 758
75 973
75 839
76 409
77 335
79 439
80 931
81 248
81 605
82 875
82 977
83 935
85 491
87 431
90 406
90 874
91 843
92 105
93 180
94 155
94 123
96 406
97 315
98 452
98 212
99 199
99 522
101 451
101 912
102 180
102 485
107 549
108 985
109 432
111 622
115 986
118 373
118 489
118 844
118 967
119 985
120 161
121 240
122 885
123 294
127 709
129 767
130 296
133 324
133 551
136 371
137 199
139 410
142 617
142 469
144 488
144 785
144 640
146 632
149 521
150 219
152 388
153 393
153 615
154 428
156 430
157 535
157 284
157 623
158 874
158 265
159 858
160 862
161 986
162 399
165 473
166 686
166 172
168 309
169 572
170 826
170 398
172 812
172 246
173 564
174 680
174 895
175 791
175 806
177 853
178 702
178 796
179 362
179 925
180 491
180 900
181 318
182 534
182 940
182 785
183 791
183 465
186 358
187 677
190 620
190 309
190 343
191 655
193 637
194 649
195 970
195 588
195 982
196 805
196 431
197 697
198 777
199 436
199 503
200 658
204 667
206 347
206 252
211 473
212 647
213 568
214 434
214 971
216 661
216 280
223 294
223 391
226 445
228 972
229 993
234 710
243 757
244 422
245 880
245 919
247 914
247 736
250 622
251 456
252 735
252 927
253 341
255 975
259 271
260 368
265 919
265 589
266 563
268 467
268 458
269 414
272 611
273 466
278 932
281 697
283 743
284 843
289 477
289 382
290 431
290 470
292 836
296 910
296 546
297 545
300 513
301 711
303 445
306 475
306 603
308 508
310 677
310 549
313 881
315 700
315 537
318 979
318 740
321 682
324 975
327 918
329 667
330 633
332 598
332 406
332 367
333 690
334 891
335 445
335 605
336 665
336 795
342 826
342 992
346 853
346 518
349 357
351 743
351 978
353 885
353 777
353 853
355 791
356 902
357 443
357 598
357 824
361 669
363 390
364 426
368 572
369 609
369 856
373 681
374 790
374 578
374 953
375 737
375 827
375 393
383 934
383 528
384 628
385 983
385 592
387 544
391 895
395 693
395 629
395 807
397 551
397 469
401 992
405 466
406 624
408 596
409 556
410 941
414 596
414 932
415 828
416 731
418 624
424 993
425 848
425 737
428 609
428 439
430 880
430 554
431 639
433 469
433 458
433 816
433 843
434 467
437 896
438 466
439 494
439 583
440 857
443 656
444 756
446 481
446 882
449 936
449 591
450 992
452 654
452 618
455 723
457 944
457 873
461 562
462 739
462 672
464 853
466 470
467 786
470 642
472 919
474 883
474 871
479 963
480 685
480 718
482 624
486 634
487 640
488 601
489 675
490 643
494 532
494 927
494 584
496 818
500 975
501 533
501 690
501 718
501 604
501 612
503 832
506 532
507 689
511 616
511 518
513 864
513 793
519 929
523 549
525 572
525 657
527 883
529 771
532 931
534 739
534 928
534 540
535 955
537 753
546 946
552 706
553 714
557 729
558 598
563 785
564 894
569 809
569 875
571 882
576 983
577 829
578 651
579 854
580 968
583 762
583 585
589 849
590 927
592 708
595 723
602 926
605 620
607 890
609 867
611 935
612 781
615 653
617 987
620 808
621 837
624 794
633 722
642 801
643 767
645 782
650 955
652 780
654 739
657 912
664 676
665 869
669 830
677 938
679 837
680 761
685 727
691 846
702 789
702 849
707 862
711 847
713 911
714 807
714 738
715 897
717 920
726 730
739 820
740 943
740 958
741 846
746 767
751 856
756 961
761 769
763 975
763 974
770 986
782 789
787 975
791 794
794 919
805 941
811 898
812 922
823 998
831 892
832 982
836 958
837 845
840 965
840 982
842 844
855 977
858 912
868 909
870 970
871 879
880 957
880 954
885 920
886 946
890 942
903 992
908 985
931 963
931 998
991 997
