1000 800
0 701
0 217
1 182
3 873
4 678
5 515
6 385
9 791
9 62
9 794
10 909
10 727
11 103
11 917
11 773
11 100
11 895
12 596
12 232
13 382
14 586
14 791
15 638
15 340
15 615
15 811
16 70
16 356
17 867
17 598
18 945
18 818
19 577
20 215
21 34
22 235
22 831
22 666
23 36
23 447
23 588
24 108
24 372
24 655
25 194
26 649
27 303
27 435
28 551
29 941
30 614
30 71
30 809
30 526
30 947
32 848
35 604
35 177
36 194
37 731
37 819
38 451
38 780
38 638
39 111
40 643
41 728
41 864
42 609
42 622
43 102
43 648
45 754
45 992
46 395
46 535
47 61
47 420
48 106
48 815
50 237
50 409
51 516
51 595
51 117
53 481
53 365
54 399
54 154
59 439
59 557
59 806
60 64
60 907
61 476
63 593
63 934
65 972
65 888
65 432
67 170
68 981
68 748
70 129
72 493
72 816
73 623
74 579
74 139
74 773
74 725
75 395
75 629
75 326
76 92
76 493
76 328
76 890
77 463
77 317
78 398
78 562
79 922
79 981
79 783
80 431
80 556
82 92
83 711
83 342
84 516
84 131
85 724
85 554
85 442
86 360
86 820
86 370
86 558
86 321
87 468
88 776
88 934
89 318
89 492
89 229
89 317
90 265
91 777
91 853
92 551
94 134
94 494
95 707
96 457
97 689
97 524
98 205
99 137
99 397
99 334
99 473
99 763
100 959
101 209
102 866
103 480
104 227
107 511
107 920
110 410
110 866
110 756
111 457
111 196
111 320
112 821
115 509
115 173
116 492
117 548
117 188
117 630
117 748
118 654
118 644
118 369
119 392
119 933
120 137
120 466
120 330
122 718
122 821
124 502
125 872
126 734
127 372
129 721
130 982
130 504
131 244
132 720
132 266
133 397
134 787
134 528
135 744
136 415
136 858
137 508
137 974
137 820
138 887
139 214
139 656
139 877
139 505
140 975
141 370
143 969
143 937
143 453
144 797
144 871
145 310
146 694
146 224
147 982
147 669
148 329
149 218
149 251
150 194
152 481
152 841
154 377
157 642
157 669
158 540
158 856
159 198
159 794
160 418
160 790
161 665
161 860
161 425
162 757
162 581
163 402
163 551
163 796
163 395
164 692
166 759
168 654
169 619
171 700
173 530
173 876
176 208
176 412
179 532
180 288
180 181
181 698
182 731
183 231
183 941
185 924
185 205
185 783
186 545
187 395
188 942
188 202
189 823
189 739
189 452
190 812
191 403
192 572
193 822
194 601
194 742
194 648
194 245
195 749
195 516
199 944
199 908
199 943
199 815
200 531
200 779
200 937
201 567
201 640
202 700
202 718
203 644
203 256
204 843
205 901
205 420
205 412
207 626
208 766
208 881
209 884
209 328
209 841
211 415
213 596
213 311
214 218
215 615
215 362
217 286
218 248
218 657
218 787
218 932
219 393
219 850
221 542
221 675
222 367
222 970
223 828
223 653
223 796
224 597
225 729
226 449
226 409
226 528
226 883
229 439
229 520
233 837
233 490
235 776
238 936
239 655
240 563
241 602
242 262
243 272
243 913
244 261
245 910
247 900
247 334
248 651
249 773
250 363
250 599
251 836
251 432
252 723
252 484
252 815
254 974
254 528
255 625
255 456
256 734
256 264
256 996
260 322
261 497
262 486
262 573
263 401
263 900
264 452
264 286
264 765
265 277
265 929
266 873
268 931
268 654
272 634
275 421
275 413
276 344
276 885
276 670
276 360
278 797
278 281
279 536
279 967
280 754
280 993
281 947
281 499
281 792
282 927
283 841
284 670
284 893
284 554
285 771
285 935
287 584
287 915
288 875
289 949
289 902
290 703
290 679
291 430
292 494
295 525
297 395
297 851
297 751
297 333
299 541
300 502
301 511
302 989
303 850
306 345
306 843
308 376
308 349
310 663
311 906
311 506
312 822
312 806
315 482
316 362
316 803
317 615
318 930
318 326
319 985
319 687
319 612
319 959
322 733
322 912
322 919
323 617
324 942
324 537
325 469
328 954
329 740
331 914
331 896
334 451
334 666
334 743
335 710
336 624
337 918
338 672
338 397
340 688
343 545
345 358
346 351
346 783
347 444
349 936
349 598
349 563
350 675
350 563
350 978
351 474
351 514
354 552
355 829
357 682
359 857
363 440
364 654
366 717
366 933
366 673
367 866
368 757
370 536
372 429
374 543
374 848
375 928
376 559
377 380
377 543
377 826
377 816
378 711
378 594
379 415
380 460
382 646
384 725
384 648
384 663
384 650
386 619
387 825
388 391
390 977
391 423
394 817
396 598
397 903
398 435
399 921
399 829
399 553
400 478
403 470
404 430
404 780
405 987
405 693
406 429
407 766
408 539
410 557
411 454
412 936
414 681
414 465
414 962
415 583
416 564
417 464
419 987
420 954
423 469
423 844
425 990
426 745
426 683
427 966
427 639
429 659
429 632
430 843
430 937
431 786
431 963
431 945
431 730
434 455
436 527
437 669
439 819
441 649
442 785
445 852
448 542
450 705
451 468
451 726
452 952
455 653
458 521
458 828
461 912
461 482
461 464
462 476
463 886
463 669
463 639
464 637
465 902
466 615
469 771
473 858
473 697
474 701
475 796
475 909
479 931
483 547
483 993
483 609
483 926
484 701
486 932
487 524
487 942
489 736
490 495
490 563
492 582
492 931
494 618
495 601
496 834
496 908
498 816
499 550
500 783
504 592
505 688
506 967
506 762
507 554
509 586
509 527
510 913
510 634
511 884
512 532
514 815
514 668
515 914
517 721
519 639
520 875
520 553
522 638
524 985
526 535
527 926
528 922
528 939
528 813
528 547
530 740
531 768
532 640
533 581
534 598
534 929
539 572
540 999
541 851
542 630
543 899
543 834
546 646
548 645
549 809
551 953
551 900
554 980
555 871
556 808
557 991
559 595
560 676
561 777
561 641
563 582
564 628
572 669
573 877
574 951
575 746
576 784
576 820
576 605
577 581
577 756
578 742
582 609
583 698
583 613
585 996
585 788
588 852
590 657
594 710
596 748
596 698
600 626
605 862
605 715
606 822
610 926
610 625
610 856
611 684
612 651
614 734
616 874
618 723
618 677
620 895
624 922
624 701
628 644
629 798
629 774
629 733
630 756
630 872
632 936
638 924
638 841
639 678
642 758
643 701
644 962
644 930
649 710
649 776
649 717
652 759
655 670
657 946
660 828
664 810
664 835
668 900
673 946
675 942
682 984
691 797
694 725
694 860
699 899
700 772
702 852
703 972
703 806
703 962
705 971
707 750
714 969
715 980
716 927
718 797
721 757
721 862
733 765
735 876
737 951
738 824
739 914
739 886
740 967
740 829
742 782
747 916
752 956
760 762
761 796
764 845
771 927
772 936
775 846
775 932
776 944
777 978
780 824
787 849
787 858
790 979
799 946
810 869
812 986
816 927
817 837
819 945
823 825
823 861
826 991
829 911
829 890
834 956
835 922
836 964
839 966
840 991
859 862
860 954
863 928
865 890
866 938
869 917
877 892
881 896
901 968
908 931
921 958
922 958
924 940
932 949
936 939
942 979
952 961
957 990
994 998
