100 3
1 182
2 213
3 138
4 576
5 951
6 666
7 951
8 417
9 231
10 749
11 750
12 146
13 259
14 226
15 317
16 598
17 309
18 974
19 485
20 428
21 154
22 742
23 680
24 913
25 963
26 382
27 469
28 417
29 714
30 874
31 30
32 714
33 16
34 658
35 557
36 62
37 941
38 301
39 277
40 420
41 973
42 211
43 869
44 789
45 156
46 867
47 201
48 40
49 689
50 254
51 753
52 433
53 509
54 883
55 50
56 211
57 747
58 796
59 818
60 56
61 381
62 91
63 923
64 495
65 435
66 758
67 883
68 267
69 891
70 176
71 442
72 102
73 57
74 340
75 937
76 644
77 811
78 987
79 941
80 552
81 938
82 72
83 74
84 881
85 363
86 379
87 835
88 430
89 51
90 182
91 505
92 545
93 938
94 257
95 669
96 704
97 150
98 587
99 404
100 447
338114
1690574
2028688
