500 3
1 853
2 65
3 427
4 884
5 972
6 807
7 474
8 674
9 715
10 507
11 997
12 54
13 859
14 540
15 364
16 246
17 329
18 406
19 132
20 680
21 69
22 718
23 988
24 870
25 975
26 270
27 77
28 862
29 413
30 917
31 838
32 73
33 502
34 488
35 462
36 361
37 590
38 690
39 33
40 635
41 201
42 250
43 485
44 955
45 547
46 828
47 234
48 851
49 389
50 633
51 963
52 547
53 148
54 696
55 60
56 506
57 753
58 500
59 557
60 798
61 583
62 313
63 825
64 385
65 515
66 700
67 567
68 676
69 136
70 331
71 357
72 963
73 47
74 557
75 144
76 72
77 14
78 572
79 689
80 254
81 871
82 44
83 675
84 606
85 97
86 977
87 498
88 217
89 656
90 976
91 138
92 885
93 380
94 219
95 626
96 369
97 63
98 389
99 702
100 80
101 638
102 348
103 454
104 292
105 524
106 616
107 552
108 461
109 796
110 849
111 674
112 92
113 816
114 965
115 273
116 665
117 115
118 649
119 884
120 20
121 520
122 962
123 767
124 317
125 67
126 375
127 791
128 394
129 991
130 433
131 288
132 308
133 88
134 777
135 481
136 199
137 821
138 895
139 571
140 976
141 807
142 27
143 610
144 771
145 819
146 873
147 774
148 565
149 396
150 623
151 270
152 944
153 835
154 763
155 899
156 246
157 531
158 785
159 567
160 346
161 949
162 827
163 93
164 273
165 408
166 894
167 952
168 326
169 205
170 81
171 489
172 336
173 233
174 393
175 473
176 648
177 618
178 654
179 132
180 971
181 473
182 847
183 488
184 654
185 900
186 493
187 882
188 457
189 101
190 712
191 816
192 757
193 185
194 629
195 96
196 530
197 847
198 689
199 248
200 75
201 689
202 503
203 578
204 123
205 922
206 794
207 920
208 400
209 74
210 290
211 575
212 519
213 824
214 855
215 434
216 731
217 136
218 988
219 927
220 38
221 274
222 48
223 258
224 631
225 511
226 445
227 787
228 466
229 341
230 31
231 1000
232 290
233 537
234 984
235 408
236 143
237 117
238 850
239 401
240 517
241 333
242 521
243 610
244 205
245 649
246 593
247 521
248 643
249 897
250 311
251 992
252 930
253 489
254 690
255 620
256 487
257 689
258 666
259 521
260 364
261 54
262 766
263 131
264 328
265 754
266 427
267 885
268 545
269 170
270 440
271 85
272 216
273 641
274 257
275 805
276 10
277 567
278 839
279 925
280 935
281 50
282 462
283 542
284 817
285 397
286 627
287 869
288 25
289 961
290 189
291 20
292 726
293 851
294 96
295 569
296 18
297 438
298 316
299 327
300 954
301 979
302 41
303 775
304 139
305 710
306 716
307 900
308 763
309 348
310 392
311 895
312 662
313 76
314 660
315 758
316 926
317 68
318 652
319 138
320 633
321 843
322 430
323 903
324 552
325 64
326 549
327 935
328 988
329 737
330 197
331 619
332 433
333 414
334 238
335 229
336 854
337 628
338 533
339 19
340 633
341 570
342 513
343 723
344 662
345 175
346 672
347 33
348 931
349 141
350 1000
351 523
352 186
353 89
354 692
355 417
356 613
357 498
358 326
359 140
360 77
361 69
362 264
363 569
364 50
365 752
366 504
367 472
368 987
369 271
370 787
371 502
372 597
373 46
374 291
375 118
376 674
377 910
378 494
379 319
380 10
381 461
382 603
383 48
384 946
385 165
386 929
387 515
388 863
389 102
390 740
391 901
392 215
393 533
394 294
395 548
396 68
397 327
398 188
399 255
400 211
401 429
402 926
403 742
404 681
405 956
406 280
407 588
408 464
409 415
410 746
411 906
412 151
413 365
414 406
415 674
416 94
417 625
418 130
419 370
420 756
421 168
422 679
423 807
424 528
425 361
426 325
427 62
428 387
429 652
430 838
431 776
432 685
433 774
434 52
435 682
436 790
437 810
438 234
439 154
440 537
441 374
442 617
443 613
444 97
445 918
446 349
447 169
448 856
449 159
450 86
451 776
452 847
453 982
454 591
455 419
456 731
457 666
458 992
459 563
460 943
461 116
462 481
463 846
464 180
465 273
466 658
467 222
468 315
469 337
470 205
471 175
472 533
473 503
474 32
475 271
476 834
477 211
478 641
479 173
480 699
481 502
482 333
483 292
484 279
485 785
486 541
487 832
488 357
489 772
490 551
491 480
492 603
493 369
494 798
495 512
496 194
497 760
498 629
499 899
500 52
8734144
43670722
52404866
