1000
1 1598
2 6840
3 6722
4 154
5 4366
6 8394
7 931
8 6132
9 3313
10 5860
11 7467
12 8588
13 6982
14 1479
15 1789
16 5338
17 4657
18 6067
19 4043
20 4086
21 2610
22 9993
23 4491
24 9206
25 1230
26 445
27 5360
28 1836
29 8943
30 7413
31 1597
32 9506
33 8179
34 6987
35 8846
36 3777
37 5628
38 7354
39 5953
40 7960
41 9600
42 4518
43 5078
44 2033
45 5493
46 673
47 6411
48 7696
49 124
50 1970
51 8425
52 6254
53 3175
54 6889
55 585
56 9706
57 745
58 4768
59 1182
60 5193
61 9107
62 2453
63 277
64 138
65 256
66 2708
67 4538
68 8849
69 100
70 2185
71 7627
72 3168
73 1845
74 4419
75 3983
76 6355
77 2482
78 7038
79 4267
80 6270
81 8821
82 2689
83 7128
84 4772
85 9375
86 8987
87 3753
88 5096
89 2554
90 9080
91 7474
92 2087
93 3106
94 1849
95 684
96 3023
97 5555
98 6012
99 7658
100 8410
101 3559
102 6396
103 1785
104 9330
105 776
106 2965
107 9508
108 767
109 3817
110 1062
111 3481
112 1269
113 7296
114 2989
115 5193
116 9485
117 6007
118 5630
119 2426
120 4080
121 3694
122 5955
123 4941
124 7199
125 8459
126 5697
127 3866
128 6053
129 301
130 7141
131 2313
132 8818
133 3679
134 9901
135 6013
136 4748
137 9933
138 6918
139 4575
140 4681
141 5846
142 2148
143 588
144 343
145 198
146 448
147 2635
148 4059
149 3297
150 2872
151 1968
152 7679
153 5959
154 6259
155 9417
156 4990
157 4394
158 9780
159 7091
160 4088
161 2457
162 2980
163 1144
164 5172
165 9175
166 284
167 4958
168 7107
169 8696
170 7481
171 1041
172 2429
173 2710
174 9776
175 7552
176 2850
177 9716
178 8093
179 2818
180 8046
181 3509
182 1568
183 7181
184 3291
185 1838
186 6998
187 8669
188 2745
189 986
190 3081
191 4613
192 5907
193 1067
194 7878
195 2903
196 3651
197 5003
198 2198
199 3154
200 7927
201 9492
202 8748
203 3203
204 8766
205 9981
206 1036
207 958
208 6947
209 7898
210 4953
211 4195
212 1257
213 2571
214 9689
215 5518
216 7493
217 1985
218 3862
219 3541
220 3252
221 3504
222 1609
223 6342
224 4637
225 3890
226 1643
227 3049
228 2914
229 287
230 9462
231 2590
232 8456
233 5765
234 3460
235 9688
236 1875
237 8083
238 7086
239 5948
240 6461
241 532
242 6047
243 1421
244 559
245 6667
246 3353
247 7070
248 2122
249 7351
250 4112
251 7834
252 6559
253 2694
254 3355
255 6253
256 8029
257 9164
258 2364
259 4911
260 1353
261 937
262 2213
263 2634
264 6329
265 8319
266 1397
267 7942
268 9651
269 5659
270 5835
271 9800
272 9111
273 2892
274 5116
275 7346
276 9968
277 398
278 3924
279 3411
280 8545
281 7642
282 730
283 458
284 5086
285 2220
286 4524
287 5964
288 7780
289 2628
290 5866
291 1913
292 3512
293 1297
294 5651
295 9963
296 815
297 9960
298 5455
299 4426
300 6379
301 4001
302 6736
303 7175
304 3579
305 2447
306 2988
307 223
308 7575
309 2726
310 349
311 1936
312 7645
313 8650
314 6564
315 8990
316 6837
317 4105
318 5741
319 7655
320 8057
321 1569
322 5477
323 3186
324 7605
325 2348
326 4840
327 82
328 8581
329 7302
330 9284
331 2039
332 2926
333 3171
334 8310
335 7522
336 9871
337 9399
338 8411
339 3996
340 7039
341 5712
342 275
343 755
344 2268
345 3575
346 2842
347 8703
348 8696
349 9019
350 751
351 1348
352 7952
353 9305
354 6202
355 2944
356 8997
357 3548
358 9353
359 3930
360 6487
361 9904
362 3527
363 3018
364 4079
365 1550
366 7522
367 9598
368 9746
369 8893
370 1870
371 6507
372 7370
373 7009
374 8125
375 5664
376 3178
377 3479
378 5488
379 4467
380 1146
381 5172
382 177
383 6943
384 1005
385 4574
386 3110
387 7969
388 5329
389 5568
390 7579
391 1344
392 5890
393 7943
394 9667
395 4707
396 6335
397 4967
398 8348
399 8212
400 704
401 6653
402 152
403 4607
404 1465
405 7577
406 9628
407 5517
408 8553
409 6827
410 5165
411 7706
412 9426
413 7370
414 123
415 6386
416 1091
417 2664
418 1267
419 2657
420 2954
421 9328
422 5045
423 684
424 175
425 744
426 7232
427 9750
428 7541
429 4989
430 5352
431 4409
432 8071
433 7672
434 2163
435 1964
436 1564
437 5453
438 4356
439 4213
440 2967
441 2410
442 6637
443 3124
444 1015
445 1026
446 525
447 7503
448 4795
449 8215
450 1537
451 8091
452 7918
453 8262
454 3874
455 3249
456 1403
457 7010
458 7388
459 8824
460 8770
461 4258
462 8454
463 1610
464 3024
465 4228
466 2584
467 6914
468 7003
469 5524
470 5193
471 6820
472 3589
473 6565
474 273
475 1498
476 389
477 4270
478 9140
479 7368
480 4427
481 2512
482 9620
483 7356
484 6078
485 4421
486 905
487 3816
488 4629
489 3472
490 3240
491 3373
492 6531
493 5769
494 8616
495 7046
496 7029
497 6060
498 6712
499 7005
500 612
501 3187
502 3610
503 3862
504 1277
505 2630
506 5501
507 4418
508 3677
509 1673
510 3842
511 466
512 5238
513 6871
514 4598
515 6910
516 9775
517 3184
518 5469
519 4740
520 506
521 8405
522 8774
523 8216
524 4450
525 5133
526 263
527 9619
528 6509
529 4597
530 6372
531 4530
532 6860
533 1665
534 7484
535 2024
536 1649
537 9834
538 3322
539 4029
540 2178
541 9775
542 2411
543 4946
544 3561
545 7844
546 4682
547 6964
548 1626
549 6992
550 9069
551 458
552 9395
553 4337
554 6871
555 2561
556 7268
557 124
558 5538
559 1566
560 8224
561 8173
562 4678
563 2129
564 9759
565 5945
566 4318
567 3879
568 3760
569 7011
570 2914
571 1854
572 1541
573 7921
574 4129
575 2723
576 8861
577 828
578 7802
579 2526
580 5257
581 5084
582 5596
583 8394
584 2424
585 4410
586 6641
587 5779
588 2278
589 5779
590 7813
591 9662
592 7099
593 5862
594 5957
595 339
596 2731
597 4494
598 9594
599 5680
600 1091
601 8732
602 2819
603 9292
604 7656
605 3003
606 1924
607 2294
608 792
609 9415
610 101
611 3672
612 5002
613 6481
614 4750
615 2223
616 7730
617 8416
618 9628
619 2227
620 73
621 8671
622 6303
623 8093
624 1571
625 6077
626 8199
627 3394
628 6921
629 8878
630 8590
631 7665
632 5056
633 9545
634 8530
635 2426
636 2308
637 1625
638 8560
639 885
640 5406
641 5920
642 2654
643 1190
644 5149
645 9252
646 2362
647 2117
648 8642
649 4023
650 5419
651 6123
652 4457
653 7323
654 9373
655 3947
656 3754
657 9305
658 4433
659 1198
660 2434
661 5196
662 9916
663 1609
664 2801
665 8950
666 9804
667 1470
668 8250
669 7837
670 8493
671 83
672 5224
673 6393
674 6199
675 5785
676 156
677 6235
678 7177
679 9688
680 8042
681 158
682 214
683 1202
684 4398
685 3497
686 9917
687 9301
688 6905
689 7156
690 4412
691 890
692 4046
693 9662
694 1984
695 760
696 544
697 5625
698 1360
699 7484
700 5341
701 7680
702 818
703 4717
704 2825
705 8113
706 5674
707 8172
708 9354
709 3553
710 147
711 5908
712 4664
713 8732
714 225
715 9352
716 6330
717 706
718 3516
719 732
720 2539
721 6038
722 1492
723 1809
724 8114
725 2287
726 9648
727 3761
728 7263
729 1947
730 4355
731 7978
732 9705
733 7173
734 5401
735 3591
736 2553
737 7692
738 4146
739 6811
740 350
741 6591
742 8539
743 2233
744 2258
745 3319
746 8280
747 6664
748 7306
749 8778
750 8544
751 7677
752 3481
753 8630
754 7619
755 3696
756 2173
757 8932
758 9043
759 6747
760 5270
761 6936
762 7691
763 9358
764 3284
765 6158
766 9204
767 2809
768 2949
769 7728
770 5574
771 1142
772 6192
773 1369
774 8784
775 4945
776 4435
777 6225
778 9499
779 707
780 530
781 1072
782 7458
783 997
784 135
785 9014
786 1376
787 7311
788 2725
789 89
790 4074
791 941
792 8726
793 7526
794 9167
795 2061
796 7330
797 2914
798 3087
799 4084
800 7510
801 76
802 4129
803 5083
804 8066
805 5183
806 1202
807 1344
808 2675
809 7083
810 3046
811 4994
812 3509
813 2973
814 9778
815 3549
816 3691
817 5429
818 1056
819 4141
820 8717
821 1089
822 9029
823 2628
824 9396
825 2683
826 8263
827 3513
828 6444
829 2430
830 8619
831 5274
832 9355
833 2082
834 6015
835 6702
836 447
837 7972
838 4835
839 9827
840 6647
841 6625
842 9275
843 2297
844 2056
845 1543
846 4655
847 2210
848 1162
849 5588
850 4112
851 3464
852 1340
853 2490
854 5482
855 1379
856 8668
857 1927
858 5453
859 5658
860 3262
861 232
862 1997
863 5941
864 9392
865 7968
866 6215
867 8347
868 9041
869 3011
870 4625
871 9254
872 8524
873 406
874 2093
875 3756
876 7588
877 3704
878 4717
879 8178
880 4029
881 9081
882 8494
883 5787
884 4826
885 7611
886 1418
887 7835
888 2510
889 6717
890 8609
891 9927
892 5329
893 361
894 3074
895 3168
896 8147
897 8746
898 7195
899 635
900 2399
901 4525
902 9432
903 8489
904 5263
905 7865
906 1766
907 6252
908 3587
909 1100
910 1201
911 4883
912 6529
913 2637
914 4432
915 5388
916 1046
917 8173
918 1974
919 2307
920 3284
921 2878
922 7978
923 9625
924 2352
925 1437
926 7294
927 6810
928 8796
929 9695
930 1976
931 7711
932 862
933 3951
934 20
935 2720
936 7791
937 9983
938 504
939 2500
940 3573
941 5907
942 1793
943 6636
944 3036
945 8671
946 2360
947 2007
948 5686
949 2568
950 3022
951 3109
952 4108
953 1913
954 8415
955 9261
956 1919
957 9094
958 6555
959 2589
960 3465
961 4871
962 8383
963 1726
964 2555
965 4074
966 8459
967 6572
968 4677
969 4085
970 9884
971 3594
972 3485
973 8610
974 3339
975 7559
976 1559
977 2196
978 512
979 9143
980 4042
981 6091
982 1062
983 98
984 2024
985 9967
986 9132
987 247
988 3305
989 9986
990 254
991 7274
992 9537
993 2636
994 625
995 1907
996 9832
997 7788
998 4568
999 5560
1000 1236
