50 124
1 4 1230
1 34 906
1 37 395
2 7 233
2 11 137
2 13 35
2 16 476
2 25 186
2 28 900
3 6 651
3 22 1101
3 28 481
3 35 833
3 37 734
4 5 171
4 26 1183
4 49 5
5 22 401
5 23 665
6 9 112
6 18 1030
6 36 1166
7 12 539
7 14 1200
7 26 690
7 28 859
7 32 412
7 45 799
7 47 956
8 43 342
8 47 1056
8 48 359
9 15 1117
9 17 735
9 39 889
10 11 1224
10 16 241
10 31 416
10 36 827
10 39 508
10 42 817
11 25 865
11 26 1048
11 27 809
11 34 525
12 15 596
12 18 730
12 43 1141
12 46 876
12 47 573
13 14 484
13 27 1203
13 28 501
14 15 425
14 20 1001
14 24 840
15 16 444
15 24 167
15 26 1216
15 38 942
15 49 1226
16 17 1155
16 28 694
16 33 810
16 39 101
16 44 107
16 48 1132
17 37 702
17 38 486
17 49 85
18 22 23
18 50 78
19 34 773
19 38 243
19 43 946
20 26 518
20 49 851
21 23 1
21 28 758
21 43 235
21 47 705
22 23 123
22 24 1176
22 26 550
22 36 992
22 38 1238
22 47 896
22 48 196
23 26 589
23 34 21
23 41 804
23 45 264
24 35 140
25 27 124
25 44 174
26 29 30
26 30 1187
26 31 572
26 38 1161
26 50 1002
27 34 712
27 36 3
27 37 1015
28 44 775
29 37 239
31 35 106
31 48 369
31 49 875
32 34 119
32 42 410
33 50 1097
35 42 67
36 42 212
36 50 246
37 43 374
37 49 252
38 48 130
39 40 1152
39 49 105
40 44 1144
41 44 160
42 45 135
43 46 554
46 47 670
12 1428
47
15
21
39
30
20
48
44
27
37
24
25
