16037 329
9395 1861
1671 9623
14874 10414
1117 15608
4341 3625
11055 2650
11076 14516
13519 2604
4033 9223
1187 13905
8658 6686
15529 12517
2378 9690
8727 9277
948 10786
15661 13840
5738 15229
5161 5220
198 12861
11076 986
11581 11933
15582 14408
15316 3424
2391 38
8703 11887
293 7744
9152 12659
14923 3973
1791 4543
9432 1694
4053 7757
13661 5855
3418 9687
6772 6872
5494 11596
1056 14820
1308 9751
3918 4790
13360 8744
740 3832
2692 1155
12310 14279
3303 9512
4738 1790
15223 14443
15718 2106
13918 14679
9287 8444
8670 5911
11619 9932
14599 6692
7105 8113
11319 1596
1154 8777
1480 15054
9887 13984
550 801
10067 6338
15872 10111
14201 9067
9523 8852
6723 1176
4283 2510
12846 6363
373 4262
11784 11962
9466 4324
11509 14504
5591 15517
10514 959
7735 7659
2165 8025
6907 13747
2168 4761
8347 3585
2602 5731
2308 3938
9468 9538
11655 8517
7086 7443
9214 6295
8899 178
11645 14139
10973 9910
14162 1786
7343 10018
6141 14526
4646 5410
13487 14951
2297 11351
10049 301
7651 13247
1036 7965
10915 9956
14932 12326
10318 9775
7618 14985
2480 12943
49 8243
1136 6965
3319 1938
5114 10132
4211 8868
13450 10876
8386 4012
13498 8885
2846 15666
4513 5973
2387 6235
8013 7728
5151 10834
15766 1752
8458 14849
8518 4147
10125 12619
930 4947
13760 6613
15352 9600
8550 10843
2616 9237
3298 10188
303 5303
4495 13482
4031 11233
3783 6555
3003 12090
8387 13992
2723 7502
13935 11915
13170 11479
12894 14521
3743 6505
9869 9176
15804 7258
12544 7946
12869 8853
14414 11013
9208 10130
8748 8962
7156 16011
6965 5120
12962 13898
5847 7546
5373 14096
11173 8282
7669 10360
15736 10427
10533 6604
1641 5847
7576 13471
5513 12286
3569 1806
13157 10269
10222 15812
15545 449
2603 6038
3922 5169
11802 12949
2037 7703
6480 136
11291 7071
9662 3653
1132 15042
13674 9590
11686 3496
13741 6136
687 2805
7856 12506
11420 12236
5576 9502
12601 10251
4387 9203
14472 9309
14369 76
423 15923
4586 12370
440 6006
9179 9199
9276 15348
11799 15011
8637 8598
12417 10599
10067 13451
6164 6417
3169 6030
15096 14043
15973 2129
14587 6931
8824 10378
7832 13386
1339 10303
52 9614
8798 3843
7391 12100
7917 7599
10764 2581
1198 1415
1850 15455
7139 10259
10568 5111
11330 1768
193 4582
2831 14407
8352 11849
6351 14662
9702 6525
8031 12740
14241 10631
14599 7359
7079 603
6761 11998
2792 12537
6808 11244
3822 12412
902 13461
5610 1799
1063 4086
10955 12222
2309 5869
15858 1598
12028 11542
13487 15946
1035 257
3193 15509
15649 704
13726 6535
9011 12532
2294 7201
5862 5519
3264 8317
3428 2841
9678 1524
1283 15593
11639 11687
11965 7914
7150 15313
14407 8493
12897 7596
14264 3976
6895 555
10977 13710
14334 4300
341 5071
14323 8274
349 12575
244 6234
11465 13755
1419 7098
8779 5426
15631 9382
458 919
14010 4843
10958 6939
13730 5659
13091 2452
6016 4718
13484 11370
12839 4678
13547 3159
7902 12657
7496 3407
11185 7990
3398 2952
4948 12496
12083 14982
7595 2022
10256 9751
7340 13946
3417 1315
14640 4574
1558 13221
12372 7180
10261 14799
2292 10790
11571 157
4804 14225
13273 3273
11187 2831
6846 1813
15038 7627
2713 14998
1280 12996
4852 1465
786 4964
3250 2940
8296 1915
424 3150
470 13178
11509 6093
15491 12658
3376 5483
6472 9336
4948 14393
1385 10639
1357 11093
11842 6729
4049 15105
178 8063
8850 568
8461 13716
3688 10432
7727 6683
6715 8886
13078 7625
10342 7974
10046 808
3995 7139
10854 10909
1984 15207
4162 11088
15912 11308
6032 14129
14981 3373
11749 15113
7606 1095
4602 1843
8294 9498
3221 3603
4425 225
12539 11477
7698 15918
7194 749
4199 7676
9155 3740
11118 2012
15784 13098
1417 15305
7915 11332
15228 4335
