0
1 9107
2
3
4
5
6
7
8
9
10 10548 12775
11
12 2484
13
14
15
16 2745
17
18
19 8835 12364 12844
20
21 7589
22
23
24
25
26
27
28
29
30
31
32
33
34
35
36
37
38
39
40 9953
41
42 9513
43 2515
44 2141
45
46
47
48 11946
49 1671
50
51
52
53
54
55 3115 7008
56 1012
57
58
59
60
61
62 2610
63
64 8970 10774 12575
65
66
67
68
69 2041 3347 4104 8454 8577 12049
70
71 983
72
73
74
75
76
77
78
79
80 10789
81
82
83
84
85
86
87
88
89
90
91 1607 2722
92
93
94
95
96
97
98 10785
99
100
101
102
103
104
105 9389
106
107
108 5402
109
110
111
112
113
114
115
116
117 7430 8011
118
119
120
121
122
123
124 3977 10173
125
126
127 390 2546
128
129
130
131
132
133
134
135 7655
136 2666
137
138
139
140
141
142
143
144
145 1449 2138 5678
146
147
148 7926
149
150
151
152
153
154 2888 7613
155
156
157
158 1099
159
160
161
162
163
164
165
166
167
168 6381
169
170
171
172
173
174
175
176 7611
177
178
179
180
181
182
183
184
185 3864
186
187
188
189 7395
190
191
192 8736
193 7818 10290
194 5928 12480
195
196 7787
197
198 6647 8743
199 11269
200
201
202
203
204
205
206 9026 9433
207
208 719 9482 11152
209
210
211
212
213
214
215
216 4702
217
218 11799
219
220 6590 8354
221
222
223
224
225
226 1120
227
228
229
230
231
232 2511
233
234
235
236
237
238 5907
239
240
241
242
243
244
245
246
247 2340 7784 12358
248 5866
249
250
251
252
253
254
255
256
257
258
259 3233
260 2443
261
262 3569
263
264
265
266
267 6976 8312 11680
268
269
270 13077
271
272
273
274 6336
275
276
277
278 12096
279
280
281 9782
282
283
284
285
286
287 9136
288
289
290
291 510 680
292
293
294
295
296
297
298
299
300
301
302
303
304
305 1054
306
307
308
309
310
311
312
313
314
315
316
317 320 6954 13060
318
319
321 2787 8293
322
323
324 1888
325
326 10772
327
328
329
330
331
332 10212
333 10580 10916
334 11311
335 3090
336
337
338
339 8792
340
341
342
343 9100
344
345 10414
346
347 6817
348 5179 12635
349
350
351
352
353 9728
354
355
356
357 6032
358
359
360 5643
361 8016
362 7089
363
364
365
366
367
368
369 1707 2875
370
371 5453
372
373
374
375
376
377
378 6192 6860
379 10926
380
381
382
383
384
385
386
387
388
389
391
392
393
394
395
396 2369
397
398
399 7898
400
401
402 9980
403 8569
404
405 3770 5154
406
407 11031
408
409
410
411
412
413
414
415
416 10866
417
418
419 9678 11446
420
421
422
423
424 8389
425
426 7778
427
428
429 1027
430
431
432 5666 6353 7598 8949
433 1014 9424
434
435
436
437
438
439 9951
440
441 5487
442
443
444
445
446 5298 6464
447
448
449
450
451 765
452 4047
453
454
455 4665 5061
456
457
458
459 8652
460
461
462 5800 10004
463
464
465
466
467
468
469
470
471
472
473
474
475
476
477
478
479
480
481
482 12847
483
484
485 6712 10649 11019
486 1796 9604
487
488
489
490
491
492
493
494
495 6561 12973
496
497
498
499 579
500
501 1597 6202 7246
502
503 6753
504
505
506
507
508
509 3292
511
512
513
514
515 1245 4963 8921 12001 12737
516 1194 5181 7263
517
518
519
520
521
522 3141
523
524
525
526 8482 9483
527
528 4397
529
530
531 3622
532
533
534
535 1403 3492 9238 9336 9526
536 7809
537
538
539
540
541 2412
542
543 1720
544 2013
545
546
547
548
549
550
551 3831
552
553
554
555
556
557
558
559
560
561
562
563
564
565
566
567
568
569
570
571
572
573 9427
574
575 9584
576 11535
577 7728
578 790 4344
580
581
582
583
584
585 7932
586
587
588 748 6386
589
590
591
592
593
594
595
596
597
598
599
600
601
602
603
604
605
606
607
608
609
610
611
612
613
614
615
616
617 1328 4256 6241
618
619
620
621
622
623
624
625 9849
626 3249
627
628
629
630
631
632
633
634 11085
635
636
637
638 6172
639
640
641
642
643
644
645
646
647
648
649
650
651
652
653
654
655
656
657
658
659
660
661
662
663
664
665
666
667
668
669 10840
670
671
672
673
674
675
676
677 5891
678 12036
679
681
682
683
684
685
686
687
688
689
690
691
692
693
694
695
696
697
698
699
700
701
702
703 6469
704 9360
705
706
707
708 4625 5354
709
710
711
712
713
714
715
716
717
718
720
721
722
723 2327
724
725
726 872 1102 2496 4217 7664 12749
727
728
729
730
731
732
733
734
735
736
737
738
739
740
741
742
743 4934
744
745
746
747
749
750
751
752 9770
753 8848
754
755 1503
756
757
758
759
760
761
762
763
764 11760
766 12724
767
768
769
770
771
772
773
774 10696
775
776
777
778
779
780 10708
781
782
783
784
785
786
787
788
789 6626
791 12204
792
793 8593
794
795
796 5920
797
798
799
800
801
802 6196
803 12710
804
805
806
807
808
809
810
811
812
813
814
815
816
817
818
819 2164
820
821
822 5926
823 9582
824
825
826
827 11289
828 4410 10193
829
830
831
832
833
834 13125
835
836
837
838
839
840
841
842
843 7975
844 11947
845
846
847
848
849
850 3742
851
852
853
854
855
856
857 7715
858
859
860 2076 11964
861
862
863
864
865
866
867
868
869
870
871
873
874
875
876
877 4900
878 1634
879
880
881 2375
882
883
884
885
886
887
888
889
890 1380
891 6228
892 10386
893
894
895
896
897
898
899
900 3808
901
902 13194
903
904 8438
905
906
907
908
909
910
911
912
913
914
915
916
917
918
919
920 2709
921
922
923
924
925
926
927
928 3871 9412
929
930
931
932
933
934 5723 8357
935
936
937
938 6329
939 2300
940
941
942
943
944 10082
945
946
947 6563 7167 7692 12537
948
949
950 4489
951
952
953
954
955
956
957
958
959 6638 8750
960
961 12157
962
963 2117 12306
964
965 9832
966
967
968
969
970
971
972
973
974
975
976
977
978 5983
979 11133
980 1578
981
982
984
985
986 6256
987
988
989
990 10007
991
992
993 4340
994
995
996 13066
997
998
999
1000
1001
1002
1003 4568
1004 5658
1005
1006
1007
1008
1009 2315 2462
1010
1011
1013 4705 7002
1015
1016
1017 5764
1018
1019 6376
1020
1021
1022 3424
1023
1024
1025
1026
1028 10749
1029
1030 10323
1031
1032
1033
1034 2791
1035
1036
1037
1038
1039
1040
1041
1042
1043
1044
1045
1046
1047 9428
1048 12613
1049
1050 7806
1051
1052
1053
1055
1056
1057
1058
1059
1060
1061
1062 7064
1063
1064
1065
1066
1067
1068
1069
1070
1071
1072
1073 12854
1074
1075
1076
1077 6882
1078
1079
1080 5249
1081 4001 12297
1082 1844
1083 7996 10107
1084
1085
1086
1087
1088
1089
1090 5237 8939 9051 9244
1091
1092 1869
1093
1094
1095 4871
1096
1097
1098 10652
1100
1101 11691
1103
1104 3412 7087 13118
1105 12109
1106 13155
1107
1108
1109 8927
1110 1835 6726 9701 13045
1111
1112
1113
1114
1115
1116
1117
1118
1119 5520
1121
1122
1123 7999 9643 11479
1124
1125 10371
1126 1345 9912
1127 6865
1128 10112
1129 1921 5561
1130
1131
1132
1133
1134
1135
1136
1137
1138
1139
1140 8227
1141
1142
1143
1144
1145
1146
1147
1148 9308
1149
1150
1151
1152
1153 8744
1154
1155
1156 6400
1157
1158
1159
1160
1161 6332
1162
1163 1401
1164
1165
1166
1167
1168
1169 5020
1170
1171 4824
1172
1173 4128
1174
1175 4798 7915
1176
1177
1178
1179 5855
1180
1181
1182
1183
1184
1185
1186
1187
1188
1189
1190 11889
1191
1192
1193
1195
1196
1197
1198 5262
1199
1200
1201 7150
1202
1203
1204 5156
1205 5936
1206
1207
1208 4861
1209
1210
1211
1212
1213
1214
1215
1216
1217
1218
1219
1220
1221
1222
1223
1224
1225
1226
1227 4562 7900
1228 4482
1229
1230
1231
1232
1233 11475
1234
1235
1236
1237
1238
1239 2735
1240
1241 6316
1242
1243
1244
1246 3439
1247
1248
1249
1250
1251
1252
1253
1254
1255 10109
1256
1257
1258 2331
1259
1260
1261
1262
1263
1264
1265
1266
1267
1268
1269
1270
1271 5716 11867
1272 6475
1273
1274
1275
1276
1277 9829
1278 7559 11583
1279
1280
1281
1282 3023
1283
1284
1285 2356
1286
1287
1288 6304
1289
1290
1291
1292
1293
1294 3750
1295
1296
1297
1298 11105
1299
1300
1301
1302 1940
1303
1304 6556 7851 9224
1305
1306
1307
1308
1309 5105 12176
1310
1311
1312
1313
1314
1315
1316
1317
1318
1319
1320
1321
1322
1323
1324
1325
1326
1327
1329
1330 8172
1331 2500 10884
1332 3360 4385
1333
1334
1335 9154
1336
1337
1338 2155
1339 11018
1340 3744
1341
1342
1343
1344
1346
1347
1348
1349
1350 12718
1351
1352
1353
1354
1355 9178
1356
1357
1358
1359
1360
1361
1362
1363
1364
1365
1366
1367
1368
1369
1370
1371
1372
1373
1374
1375
1376
1377
1378
1379
1381 3053
1382
1383
1384 3737
1385
1386
1387
1388 8938
1389
1390
1391
1392
1393
1394
1395
1396
1397
1398
1399 12047
1400 8780
1402
1404
1405
1406
1407
1408
1409 8239 8891
1410
1411 8117
1412 11608
1413 1781
1414
1415
1416
1417
1418
1419
1420
1421
1422
1423
1424
1425 4778 7127 10450
1426
1427
1428
1429 4818
1430
1431
1432
1433
1434
1435
1436
1437
1438
1439 7405
1440
1441
1442 8149 8429
1443
1444
1445
1446
1447
1448
1450
1451
1452
1453
1454
1455 5516
1456 5627 12234
1457 9132 11549
1458 11899
1459 3949
1460
1461
1462
1463 7983
1464
1465
1466
1467
1468
1469
1470
1471
1472
1473
1474
1475
1476
1477
1478 1826
1479
1480
1481
1482 10283
1483 8661
1484 9018
1485
1486
1487
1488
1489
1490
1491
1492
1493
1494
1495
1496
1497 9097
1498
1499 9843
1500
1501
1502
1504
1505
1506
1507
1508
1509 5439 5953
1510
1511
1512
1513
1514
1515
1516 6006 6581
1517
1518
1519 10267
1520
1521
1522
1523
1524
1525
1526 8089 13119
1527
1528
1529
1530
1531
1532 8599
1533
1534 7786
1535
1536
1537
1538
1539
1540
1541
1542
1543
1544
1545
1546
1547
1548
1549
1550
1551
1552
1553
1554
1555
1556
1557
1558
1559
1560 3144
1561
1562
1563
1564
1565
1566
1567
1568 11073
1569
1570 2312 3685
1571
1572 10565
1573 11331
1574
1575
1576
1577
1579 12464
1580 2323
1581
1582
1583 4537
1584 12067
1585
1586
1587
1588
1589
1590
1591 9828
1592
1593
1594
1595 2594 4378 9422
1596
1598 10902
1599
1600
1601
1602 7544
1603
1604 12209
1605
1606
1608
1609
1610
1611
1612
1613
1614
1615 13096
1616
1617
1618
1619 9054
1620
1621
1622
1623
1624
1625
1626 3230
1627 5291 11334
1628
1629
1630 11805
1631 10665
1632
1633
1635
1636 3065
1637
1638
1639
1640
1641
1642
1643
1644
1645
1646
1647
1648 9764
1649
1650
1651
1652
1653
1654
1655
1656
1657
1658
1659
1660
1661
1662
1663
1664 2493 4461 11303
1665
1666
1667
1668
1669
1670 8817
1672
1673 2717 12143
1674
1675
1676
1677
1678
1679
1680
1681
1682
1683
1684
1685
1686
1687
1688
1689 5793
1690
1691
1692
1693
1694
1695
1696
1697
1698
1699
1700 4098 9705
1701
1702 7550
1703
1704
1705
1706
1708 5645
1709 6888
1710
1711 10660
1712
1713 1936 2372 6289
1714 1935
1715
1716
1717
1718
1719
1721
1722
1723
1724 12146
1725
1726 2129
1727
1728
1729
1730
1731
1732
1733
1734
1735 1777 3971
1736 5706
1737
1738 6242 10908
1739
1740 7317 9767
1741
1742
1743
1744
1745
1746 7310
1747
1748
1749
1750
1751 12655
1752
1753
1754
1755 5126
1756
1757
1758
1759
1760
1761 2175
1762
1763
1764
1765 8285
1766
1767
1768
1769
1770
1771
1772
1773 8129 8873 10469 11540
1774
1775
1776
1778
1779
1780
1782
1783
1784
1785
1786
1787
1788
1789
1790 3865 13173
1791
1792
1793
1794
1795
1797
1798
1799
1800
1801
1802
1803
1804
1805 6610
1806
1807
1808
1809
1810
1811 7288 8058
1812
1813
1814
1815
1816
1817
1818
1819
1820
1821
1822
1823
1824
1825
1827 3108
1828
1829 2385
1830
1831
1832
1833
1834
1836
1837 3980
1838
1839
1840 5982
1841 4251 7556 8242 12053
1842
1843
1845 8371
1846 6570
1847
1848
1849
1850
1851
1852
1853
1854
1855
1856
1857 2245
1858
1859 12671
1860
1861
1862
1863
1864
1865
1866
1867
1868
1870 4143
1871
1872
1873
1874
1875
1876 12066
1877 3872
1878
1879
1880 4046
1881
1882
1883 11761
1884
1885
1886
1887
1889
1890 12349
1891
1892
1893
1894
1895
1896
1897
1898 11463
1899
1900 2359
1901
1902
1903
1904
1905
1906
1907 8542
1908
1909
1910
1911
1912
1913
1914
1915
1916
1917
1918
1919 5352 11935 13169
1920
1922
1923
1924
1925 11407
1926
1927 7982
1928 5567 8105
1929
1930
1931
1932
1933
1934
1937 4572 6138
1938 8862
1939 4012
1941
1942
1943
1944
1945
1946
1947
1948
1949
1950 5274 12967
1951
1952
1953
1954
1955
1956
1957
1958
1959 12094
1960 3384
1961
1962
1963
1964
1965
1966
1967 5712 11892
1968
1969 10099
1970
1971 2222 2866
1972 11751
1973
1974 11160
1975
1976
1977
1978
1979
1980
1981
1982
1983 10684
1984
1985
1986
1987 3474
1988
1989
1990
1991
1992
1993 2084
1994
1995 10339
1996
1997
1998
1999
2000
2001
2002
2003
2004 4895 6987
2005 10200
2006
2007 7003
2008
2009
2010
2011
2012
2014
2015
2016
2017
2018
2019
2020
2021
2022
2023
2024 12149
2025
2026
2027
2028
2029
2030 11563
2031
2032
2033
2034
2035
2036
2037
2038 7759
2039 3477
2040 3418
2042
2043
2044
2045
2046 2967
2047
2048
2049
2050 7797
2051 12772
2052
2053
2054
2055 3455 8965 10354 12874
2056
2057
2058
2059
2060 11757
2061
2062 10326
2063
2064
2065 8824
2066
2067
2068
2069 2324 7543
2070
2071
2072
2073
2074
2075
2077
2078
2079
2080
2081
2082
2083
2085
2086
2087
2088
2089
2090
2091
2092
2093
2094
2095
2096
2097
2098
2099
2100
2101
2102
2103
2104
2105
2106
2107
2108 5014
2109 5755
2110 7234
2111
2112
2113 11184
2114
2115
2116 8929
2118
2119 5012
2120
2121
2122
2123
2124
2125
2126
2127
2128
2130 2343 9673
2131 8485
2132 2407 2410 5047 7536 9184 11695 12190 12883
2133 8171
2134
2135
2136
2137
2139
2140
2142 4051 12549
2143
2144
2145
2146 5268
2147
2148
2149
2150
2151
2152
2153
2154
2156
2157
2158
2159
2160
2161
2162
2163
2165 9309
2166
2167
2168 3175
2169
2170
2171 3641
2172 13064
2173
2174 5849 10741
2176
2177
2178
2179
2180
2181
2182
2183
2184
2185
2186
2187 10126 12996
2188 3530 13131
2189
2190
2191
2192
2193
2194
2195
2196
2197
2198
2199
2200
2201 11658
2202
2203
2204
2205
2206
2207
2208
2209
2210
2211
2212 13043
2213
2214
2215
2216
2217
2218
2219
2220
2221
2223
2224
2225
2226
2227 2228 5201 11921 12035
2229
2230
2231
2232
2233
2234
2235 3202 8761
2236
2237
2238
2239
2240
2241
2242 8351
2243
2244
2246
2247
2248
2249
2250 10206
2251
2252
2253
2254
2255
2256
2257
2258
2259
2260 9852
2261 4065
2262
2263
2264
2265
2266
2267 6847 12469
2268
2269 3860
2270
2271
2272
2273
2274 9560
2275
2276
2277
2278
2279
2280
2281 2421 2534 6890 11191
2282
2283
2284
2285
2286
2287 11388
2288
2289
2290
2291 2612 7782 9379 12077
2292 4645
2293 12880
2294
2295
2296
2297
2298 7662
2299
2301
2302
2303
2304
2305 6229
2306
2307
2308
2309
2310
2311 9284
2313
2314 11646
2316
2317
2318
2319
2320 5199
2321
2322 4883 9021
2325 3999
2326
2328
2329
2330 7594
2332
2333
2334
2335
2336 9370
2337 10492
2338
2339
2341
2342
2344
2345
2346
2347
2348
2349
2350
2351
2352 12830
2353
2354
2355 5967 9504
2357 3687
2358 4037
2360
2361
2362 7272 10703
2363
2364 3176 4751 5748
2365
2366
2367
2368
2370
2371
2373
2374
2376
2377
2378
2379
2380
2381
2382
2383 2607 13048
2384
2386 7296 10090
2387
2388
2389 5947 7373
2390
2391
2392
2393 5176 11039
2394
2395
2396
2397
2398
2399
2400
2401
2402
2403
2404
2405
2406
2408
2409
2411
2413
2414
2415
2416
2417
2418
2419
2420 9856
2422
2423
2424
2425
2426
2427
2428
2429
2430
2431
2432
2433
2434
2435 3832
2436
2437
2438
2439
2440
2441
2442
2444
2445
2446 12212
2447
2448
2449
2450
2451
2452
2453
2454
2455
2456
2457
2458
2459
2460
2461
2463
2464
2465
2466
2467
2468
2469
2470
2471 5987 8320
2472 7622
2473
2474 2963
2475 8483
2476
2477 4457
2478 2651
2479
2480
2481 8470
2482 6587
2483
2485
2486
2487
2488
2489
2490
2491
2492
2494
2495
2497
2498
2499
2501
2502
2503
2504 7710
2505
2506
2507
2508
2509 7119 11245
2510 3780
2512
2513
2514
2516
2517 7600
2518 7912
2519
2520
2521
2522
2523
2524
2525
2526
2527 9491
2528
2529 10330
2530
2531
2532
2533
2535
2536
2537 3189 4252
2538
2539 12955
2540
2541
2542
2543
2544 10097
2545
2547
2548
2549
2550
2551
2552
2553
2554
2555
2556 5806
2557
2558
2559
2560 11070
2561 8613
2562
2563
2564
2565 9516
2566
2567
2568 2702
2569
2570
2571
2572
2573
2574
2575
2576 8387 9198
2577
2578 9926
2579 10051
2580
2581
2582
2583
2584
2585
2586
2587 7961 9727
2588
2589
2590
2591
2592
2593
2595 5977
2596 13110
2597
2598
2599
2600 10675 12058
2601
2602 6139
2603 5731 6431 10795
2604
2605
2606
2608 10641
2609
2611
2613 12057
2614 8330
2615
2616
2617
2618
2619
2620
2621 4557
2622 6787
2623
2624
2625
2626
2627
2628
2629
2630
2631
2632 12872
2633
2634
2635
2636 3909
2637
2638
2639 4160
2640
2641
2642
2643
2644
2645 11714
2646
2647
2648 4710
2649
2650
2652 4170 7185
2653 4721 8520
2654
2655 9222
2656
2657
2658
2659 8533
2660
2661 10538
2662
2663
2664 8802 12663
2665
2667
2668
2669
2670
2671
2672
2673
2674
2675
2676
2677
2678
2679 10540
2680
2681
2682
2683
2684
2685
2686 5051 9134
2687
2688 10311
2689
2690
2691 6051
2692
2693
2694
2695
2696
2697
2698
2699
2700
2701 7044 13171
2703
2704
2705 2851
2706
2707
2708
2710 10156
2711
2712
2713
2714
2715
2716
2718
2719
2720
2721
2723
2724
2725
2726 10947
2727
2728
2729
2730
2731
2732
2733
2734
2736
2737 12914
2738
2739 2924
2740
2741
2742
2743 3162 7415
2744
2746 8070
2747
2748
2749
2750
2751
2752
2753
2754
2755
2756
2757 12543
2758
2759
2760
2761 11988
2762
2763
2764
2765
2766
2767 12130
2768
2769 4421 11012
2770
2771
2772
2773
2774
2775
2776
2777
2778
2779
2780
2781
2782
2783
2784
2785
2786
2788
2789
2790
2792
2793 5430
2794
2795
2796
2797
2798
2799
2800
2801
2802
2803
2804
2805
2806
2807 12895
2808
2809
2810
2811
2812
2813
2814
2815
2816
2817
2818
2819
2820
2821
2822
2823
2824 9876 9959 9991
2825
2826
2827
2828
2829
2830 13070
2831
2832
2833 11722
2834
2835
2836
2837
2838
2839 12497
2840
2841
2842
2843
2844
2845
2846 6406
2847
2848
2849
2850
2852
2853
2854
2855
2856
2857
2858
2859
2860
2861
2862
2863
2864
2865
2867
2868
2869
2870
2871
2872
2873
2874
2876
2877
2878
2879
2880
2881
2882
2883 3264 11522
2884
2885
2886
2887
2889 6072 7319 7690
2890
2891
2892
2893
2894 3303 7885 9645
2895
2896
2897 10053
2898
2899
2900
2901
2902
2903
2904
2905
2906
2907 12745
2908 10034
2909
2910
2911
2912
2913
2914
2915
2916
2917
2918
2919
2920
2921
2922 7523 8078 8150
2923
2925
2926
2927
2928
2929
2930
2931
2932
2933
2934
2935
2936 5844
2937
2938
2939 8598
2940
2941
2942
2943
2944
2945
2946
2947
2948
2949
2950
2951
2952
2953
2954
2955
2956
2957
2958 3020 7596 10388
2959
2960 5473 9077
2961 12434
2962 4947 5140 8144 9170 13107
2964 4590 7261 8557
2965
2966
2968
2969
2970
2971
2972
2973
2974
2975
2976 11326
2977
2978
2979
2980
2981
2982
2983
2984
2985
2986
2987 4345
2988
2989
2990
2991 5668
2992 5442
2993
2994
2995
2996
2997
2998
2999 5370
3000
3001 7174 7473 11685
3002
3003 11283
3004
3005
3006
3007
3008
3009
3010 3520 6604 9620
3011
3012
3013
3014
3015
3016
3017
3018
3019
3021
3022
3024
3025
3026
3027
3028 4954
3029
3030
3031
3032
3033
3034
3035
3036
3037 10350
3038
3039
3040
3041
3042
3043
3044
3045 12519
3046 8634
3047
3048
3049
3050
3051
3052
3054 6602
3055
3056
3057
3058 8174
3059
3060
3061
3062 7737 11708 12915
3063
3064
3066
3067
3068
3069
3070
3071
3072
3073
3074
3075
3076
3077
3078 7432
3079
3080 7979
3081
3082 6516
3083 3861 4225 8544 11922
3084
3085 9600 12732
3086
3087 7050
3088 7347
3089 5387 10849
3091 3943
3092
3093
3094
3095 5523 6824
3096
3097
3098 3990
3099
3100
3101
3102 8747
3103
3104
3105
3106
3107
3109
3110
3111 3379
3112
3113
3114
3116
3117
3118 9573
3119
3120 4666
3121 9259
3122
3123
3124
3125 9148
3126
3127 8245
3128
3129 4050
3130
3131
3132
3133
3134
3135
3136
3137
3138 12019
3139
3140
3142
3143 8515 10198 11920
3145
3146
3147
3148
3149
3150
3151
3152 3255
3153
3154
3155
3156 9931
3157
3158
3159
3160
3161
3163
3164
3165 6680
3166
3167
3168
3169
3170
3171 8358
3172
3173 6245
3174 5624 8180
3177
3178 7564
3179
3180
3181
3182
3183
3184
3185 10693
3186
3187 4328
3188
3190
3191
3192
3193
3194
3195
3196
3197
3198
3199
3200
3201
3203
3204
3205
3206
3207
3208
3209
3210
3211 5060
3212
3213
3214 12010
3215
3216
3217 4996
3218
3219
3220
3221
3222
3223
3224
3225
3226 6310 13147 13161
3227 10333
3228
3229
3231
3232 8883
3234
3235
3236
3237 9143
3238
3239
3240
3241 3983
3242 12020
3243
3244
3245
3246
3247
3248 4316
3250
3251
3252
3253
3254
3256
3257
3258
3259
3260
3261
3262
3263
3265
3266
3267
3268 4796 7026 10633
3269
3270
3271 3503
3272 7539
3273
3274
3275
3276
3277 10328
3278
3279
3280 3785
3281
3282
3283
3284
3285
3286
3287
3288
3289 6396
3290
3291
3293 8513 13196
3294 5744
3295
3296
3297 10465
3298
3299
3300
3301
3302
3304
3305 3593
3306
3307
3308
3309
3310
3311
3312
3313
3314
3315 12248
3316
3317
3318
3319
3320
3321
3322
3323
3324
3325
3326
3327
3328
3329 6852
3330
3331
3332
3333
3334
3335
3336
3337
3338 7045 9102 10407 11285
3339
3340
3341 5707 6050
3342
3343 9512 11467 12753
3344 9523 11060 12249
3345 12972
3346 5256
3348
3349
3350
3351
3352
3353
3354 7924 10457
3355
3356
3357
3358
3359
3361 9382
3362 6083
3363
3364
3365
3366
3367
3368
3369
3370
3371
3372
3373
3374 8974
3375
3376
3377
3378 13183
3380 10235
3381
3382 3456 6665
3383 3873
3385
3386
3387
3388
3389
3390
3391
3392
3393
3394
3395
3396
3397
3398
3399
3400
3401
3402
3403
3404
3405
3406 6479
3407
3408
3409
3410
3411
3413
3414
3415 6770 8195 9395
3416
3417
3419
3420
3421
3422
3423
3425 8799
3426
3427 9591
3428
3429 5919 12515
3430
3431
3432
3433
3434
3435
3436
3437
3438
3440
3441 9945
3442
3443
3444
3445
3446
3447 10704
3448
3449
3450
3451
3452 3822
3453
3454
3457
3458 5759 9804
3459
3460
3461
3462
3463
3464
3465 5079
3466
3467
3468
3469
3470 7188
3471 7249
3472
3473
3475
3476
3478
3479
3480 8355
3481
3482
3483
3484
3485
3486
3487
3488 3947
3489
3490
3491
3493
3494
3495
3496
3497
3498
3499
3500
3501
3502
3504
3505
3506
3507
3508 7910
3509 5117
3510
3511 10656
3512
3513
3514 5075 6957
3515
3516
3517
3518
3519
3521
3522
3523 5359
3524
3525
3526
3527
3528
3529
3531 9812
3532
3533
3534
3535
3536
3537
3538
3539
3540
3541
3542
3543
3544
3545 7711 8353
3546
3547
3548
3549
3550
3551
3552
3553
3554
3555
3556
3557
3558
3559
3560
3561
3562
3563
3564
3565
3566
3567
3568
3570
3571
3572
3573
3574
3575 3841
3576 11040
3577
3578
3579
3580
3581
3582
3583
3584
3585
3586
3587
3588
3589
3590
3591
3592
3594
3595
3596
3597
3598
3599
3600
3601
3602
3603
3604 8155
3605
3606 9013
3607
3608
3609
3610
3611
3612
3613
3614
3615
3616
3617 7170 9064
3618
3619
3620
3621 6203
3623
3624
3625
3626
3627
3628
3629
3630
3631
3632
3633 9366
3634 13018
3635
3636
3637
3638
3639
3640
3642
3643
3644
3645
3646
3647 3940 11119
3648 8573
3649
3650
3651
3652
3653 5204
3654 4612
3655
3656
3657 7287
3658
3659 8008
3660
3661
3662
3663
3664
3665
3666
3667
3668
3669
3670
3671 3925
3672
3673
3674
3675
3676
3677
3678
3679
3680
3681
3682 4812
3683
3684
3686
3688
3689
3690
3691
3692
3693
3694
3695
3696
3697
3698
3699
3700
3701
3702
3703
3704 7423 11305
3705
3706
3707
3708
3709
3710
3711
3712
3713
3714 6759
3715
3716
3717
3718
3719
3720
3721
3722
3723
3724
3725
3726
3727
3728
3729
3730
3731
3732 11565 12952
3733
3734
3735
3736 4373
3738
3739
3740
3741
3743
3745
3746 5513 11404
3747
3748
3749
3751
3752
3753
3754 6870
3755
3756
3757
3758
3759
3760
3761 5135
3762
3763
3764
3765 8022
3766
3767
3768
3769
3771
3772
3773
3774
3775
3776
3777
3778
3779
3781
3782
3783
3784
3786
3787
3788
3789 4514
3790 9773
3791
3792
3793
3794
3795 8200
3796
3797
3798
3799
3800
3801
3802
3803 6058 7791
3804
3805
3806 8425
3807
3809
3810 5303
3811
3812 12371
3813
3814
3815
3816
3817
3818
3819 11272
3820
3821
3823
3824
3825
3826 11600
3827
3828
3829 5141
3830
3833
3834 11379
3835
3836
3837 10590
3838
3839
3840
3842
3843
3844 10977
3845
3846
3847
3848
3849
3850
3851 5194 8383
3852
3853 8267 11575
3854
3855
3856 8136
3857
3858
3859
3862
3863
3866
3867
3868
3869 10873
3870
3874
3875 11621
3876
3877
3878
3879
3880
3881
3882
3883
3884
3885
3886
3887 8881
3888
3889
3890
3891
3892
3893
3894
3895
3896
3897
3898 9685
3899
3900
3901 6048
3902
3903
3904
3905
3906
3907
3908
3910
3911
3912
3913
3914
3915
3916
3917
3918
3919 12931
3920
3921
3922
3923
3924
3926 10792
3927
3928
3929
3930 8527
3931
3932
3933
3934
3935 12247
3936 12833
3937
3938 10729
3939 5070 6183 8537
3941
3942
3944
3945
3946
3948
3950
3951
3952
3953
3954 7374 10863
3955
3956
3957
3958
3959
3960 5472
3961
3962
3963
3964
3965
3966
3967
3968
3969
3970
3972 4427 11515
3973
3974
3975
3976 11645 11952 12846
3978
3979
3981 6034
3982
3984
3985
3986 4324
3987 5243 8785
3988
3989 4234 9183
3991
3992
3993
3994 6467
3995
3996
3997
3998
4000 4154
4002 5980
4003
4004
4005
4006
4007 5922
4008
4009
4010
4011
4013
4014
4015
4016
4017
4018
4019 8218 12571
4020
4021
4022
4023
4024
4025
4026
4027
4028
4029 13012
4030
4031
4032
4033 5775
4034
4035
4036 8705
4038 8517
4039
4040
4041
4042 10919
4043
4044
4045
4048 9368
4049 9724
4052
4053
4054
4055
4056
4057
4058
4059 10056
4060
4061
4062
4063 4270
4064
4066
4067
4068
4069
4070
4071
4072
4073
4074
4075
4076 11520
4077
4078
4079
4080
4081
4082
4083 10672
4084
4085 12576
4086 6012
4087 4803
4088
4089
4090 8018
4091
4092
4093
4094
4095
4096
4097
4099
4100
4101
4102
4103
4105
4106
4107
4108 8207
4109
4110 10746
4111
4112
4113
4114
4115
4116
4117
4118
4119
4120
4121 8380 12294
4122
4123
4124
4125
4126
4127
4129 11477
4130
4131
4132
4133 8139
4134 8466
4135
4136
4137 8950 9844
4138
4139
4140
4141
4142 9220
4144
4145 7085
4146 4185
4147
4148
4149
4150
4151 10213 10636
4152
4153
4155 7554
4156
4157
4158
4159
4161
4162
4163 10030
4164
4165
4166
4167
4168
4169
4171
4172 10038
4173
4174
4175
4176
4177 11432
4178
4179
4180
4181
4182
4183
4184
4186
4187 7485 7810
4188
4189
4190
4191
4192
4193
4194
4195 9503 11716
4196
4197 8745
4198
4199
4200
4201
4202
4203
4204
4205
4206
4207
4208
4209
4210
4211
4212
4213
4214
4215
4216
4218
4219 5555
4220
4221
4222
4223
4224
4226 7694 9236
4227 12945
4228
4229
4230
4231
4232
4233
4235
4236
4237
4238
4239
4240
4241 4897
4242
4243
4244
4245
4246
4247
4248
4249
4250
4253
4254
4255
4257
4258
4259 7393
4260
4261 7312
4262 5459
4263
4264
4265
4266 7225
4267 5578
4268
4269
4271
4272 8248 10477
4273 4711
4274
4275
4276
4277
4278
4279
4280
4281
4282
4283
4284
4285
4286 10345
4287 8037
4288 7699 9037 11383
4289
4290
4291 6206 8547 9624
4292
4293
4294
4295
4296
4297
4298
4299
4300 7587
4301
4302
4303
4304
4305
4306
4307 11208
4308
4309 10117 11444
4310
4311
4312
4313 8922 12670
4314
4315 12626
4317
4318
4319
4320
4321
4322
4323
4325
4326
4327
4329
4330
4331
4332
4333
4334
4335 11764
4336
4337
4338
4339
4341
4342
4343
4346
4347
4348
4349
4350
4351
4352
4353
4354 10251
4355
4356
4357
4358
4359
4360
4361 9958
4362
4363
4364 4640 5423
4365
4366
4367
4368
4369
4370
4371
4372
4374
4375 11872
4376
4377 5384
4379
4380
4381
4382
4383
4384
4386
4387
4388
4389
4390
4391
4392
4393
4394
4395
4396
4398
4399
4400
4401
4402
4403
4404
4405
4406
4407
4408 12423
4409
4411
4412
4413
4414
4415
4416
4417
4418
4419
4420
4422
4423
4424
4425 7028
4426
4428
4429
4430
4431
4432
4433
4434
4435
4436
4437
4438 8237
4439
4440
4441
4442
4443
4444
4445
4446
4447
4448 12669
4449
4450
4451 7237 11553
4452
4453
4454
4455
4456
4458
4459
4460
4462
4463 11886
4464
4465
4466 6560
4467 4567
4468
4469
4470 11017
4471
4472
4473
4474
4475
4476 4779 10607
4477
4478
4479
4480
4481 7504
4483 9997
4484
4485
4486 6064 8925 9390
4487
4488
4490 9303
4491
4492
4493
4494
4495
4496
4497 5720
4498
4499 8697
4500
4501
4502 5252 9650 9765 10827
4503 8777
4504
4505
4506
4507 6462
4508
4509
4510
4511
4512 9576
4513
4515
4516
4517
4518
4519 6022 11386
4520
4521
4522
4523
4524 11395
4525
4526
4527
4528
4529
4530
4531
4532
4533
4534
4535
4536
4538
4539
4540
4541 5203 12396
4542
4543
4544
4545
4546
4547
4548
4549
4550
4551
4552
4553 6988
4554 9562
4555
4556
4558
4559 9872
4560
4561 7925
4563
4564
4565
4566
4569
4570
4571 13097
4573
4574
4575
4576
4577 5843 12068
4578
4579
4580
4581
4582
4583
4584
4585
4586
4587
4588
4589 5065
4591
4592
4593
4594
4595
4596
4597
4598
4599
4600 8987
4601
4602
4603
4604
4605
4606
4607 8141
4608
4609
4610
4611
4613
4614
4615
4616
4617
4618
4619
4620
4621
4622
4623
4624 11891 12026
4626
4627
4628
4629
4630
4631 9175
4632
4633
4634
4635 10029
4636
4637
4638
4639
4641 11975
4642 6162
4643
4644
4646
4647
4648
4649
4650 12708
4651
4652
4653
4654
4655
4656
4657
4658
4659
4660
4661
4662
4663 8096
4664
4667 7346
4668
4669
4670
4671
4672
4673
4674
4675
4676
4677
4678
4679
4680
4681
4682
4683
4684
4685
4686 5552
4687 6044
4688
4689
4690
4691
4692
4693
4694
4695
4696
4697
4698
4699
4700
4701
4703
4704 11745
4706
4707
4708 9076
4709
4712
4713
4714
4715 8121
4716 8220
4717 13063
4718
4719
4720
4722
4723 6301 9521
4724
4725
4726
4727
4728
4729
4730
4731 11252
4732
4733
4734
4735
4736
4737 12765
4738
4739
4740
4741
4742
4743
4744
4745 6131
4746
4747 5011
4748
4749
4750 6889
4752
4753
4754
4755
4756
4757 5341
4758
4759
4760
4761
4762
4763
4764
4765
4766
4767
4768
4769
4770
4771
4772
4773
4774
4775
4776 6430
4777
4780
4781
4782
4783 6165
4784
4785
4786
4787
4788
4789
4790
4791
4792
4793
4794
4795
4797
4799
4800
4801
4802
4804
4805
4806
4807 7012
4808
4809
4810
4811
4813
4814
4815
4816
4817
4819
4820
4821
4822
4823
4825
4826
4827
4828 9979
4829
4830 6078
4831 8264
4832
4833
4834
4835 6947
4836 5539
4837
4838 11790
4839
4840
4841
4842
4843
4844
4845 10151
4846
4847
4848
4849
4850
4851
4852
4853
4854
4855
4856
4857
4858
4859
4860 10032
4862 7588 11264
4863
4864
4865
4866
4867
4868
4869
4870 6200
4872 12184
4873 4952 11956
4874
4875
4876
4877
4878
4879
4880
4881
4882 5250
4884
4885
4886
4887
4888
4889
4890
4891
4892 10619
4893
4894 5025
4896
4898
4899
4901
4902
4903
4904
4905
4906
4907
4908
4909
4910
4911
4912
4913
4914
4915
4916
4917
4918
4919 10219
4920
4921
4922
4923
4924
4925
4926
4927
4928
4929
4930
4931
4932
4933
4935
4936
4937 12584
4938
4939
4940
4941
4942 7883
4943
4944 10467 12071
4945
4946
4948
4949
4950
4951
4953
4955
4956
4957
4958 13116
4959
4960
4961
4962
4964
4965 8536
4966
4967
4968 5702
4969
4970
4971
4972
4973
4974
4975
4976
4977
4978
4979
4980
4981
4982 8875
4983
4984
4985 7077
4986
4987
4988
4989
4990
4991 12476
4992
4993
4994
4995 5434 10992
4997
4998
4999 10067
5000
5001
5002 12642
5003
5004
5005
5006
5007
5008
5009
5010
5013 5870 12361
5015
5016 7993 13164
5017
5018 10932 10995
5019
5021
5022
5023
5024
5026 6677
5027
5028
5029
5030
5031 10268
5032
5033
5034
5035
5036
5037
5038 8669
5039 8370
5040
5041
5042
5043
5044 7704 9999
5045
5046
5048
5049
5050
5052
5053
5054
5055
5056
5057
5058
5059
5062
5063
5064 7627 8535
5066
5067
5068
5069 6182
5071
5072
5073
5074
5076
5077
5078
5080
5081
5082 6661
5083
5084
5085
5086
5087 12520
5088
5089
5090
5091 12217
5092
5093
5094
5095
5096 10258
5097 6628 11387 13028
5098
5099
5100
5101
5102
5103
5104
5106
5107
5108
5109
5110
5111
5112
5113
5114
5115
5116
5118
5119
5120 7268
5121 10129
5122
5123
5124
5125
5127
5128 5753
5129
5130
5131
5132
5133
5134
5136
5137
5138
5139
5142 6170
5143
5144
5145 6379
5146
5147
5148
5149
5150
5151 7800 8840 11963
5152 9841
5153
5155
5157
5158
5159 9337
5160
5161
5162
5163
5164
5165
5166
5167
5168
5169
5170
5171
5172 8469
5173
5174
5175
5177
5178
5180
5182
5183
5184
5185
5186 6079 7619 9302
5187
5188
5189
5190
5191
5192
5193
5195
5196
5197
5198
5200
5202
5205
5206
5207
5208
5209
5210
5211
5212 8321
5213
5214
5215
5216
5217
5218
5219
5220 12637
5221 12527
5222
5223
5224
5225 8127
5226 6374
5227
5228
5229
5230
5231
5232
5233
5234
5235
5236 5271 11035
5238
5239
5240
5241
5242 5730
5244
5245
5246
5247
5248
5251
5253
5254
5255
5257
5258
5259
5260
5261
5263
5264
5265
5266
5267
5269
5270
5272
5273 8778
5275
5276
5277
5278
5279
5280 9884
5281
5282 7548 8036
5283
5284
5285
5286
5287
5288
5289
5290 12477
5292 5374
5293
5294
5295
5296 8755
5297 8224 9916
5299
5300
5301
5302
5304
5305
5306
5307
5308
5309
5310
5311
5312
5313
5314
5315
5316
5317 10314
5318
5319
5320
5321
5322
5323
5324
5325
5326
5327
5328
5329
5330
5331 9129
5332
5333
5334
5335
5336
5337
5338
5339
5340
5342
5343
5344
5345
5346
5347
5348
5349
5350
5351
5353 12949
5355 7590
5356
5357
5358 6247
5360
5361
5362
5363
5364
5365
5366
5367 7056
5368
5369
5371
5372
5373
5375 7468
5376
5377 9570
5378
5379
5380
5381
5382
5383 8931
5385
5386
5388
5389
5390
5391
5392
5393
5394
5395
5396
5397
5398 12011
5399
5400 5971
5401
5403
5404
5405
5406
5407
5408
5409
5410
5411
5412
5413
5414
5415
5416
5417
5418
5419
5420
5421
5422
5424
5425
5426
5427
5428 6625
5429 9530 9748
5431 6297
5432
5433 11634
5435
5436
5437
5438
5440 5955
5441
5443
5444 11469
5445
5446
5447
5448
5449
5450
5451
5452
5454
5455
5456
5457
5458
5460
5461
5462
5463
5464
5465 9376
5466
5467 7847
5468
5469
5470
5471
5474
5475
5476
5477
5478
5479
5480
5481
5482
5483
5484
5485
5486
5488
5489
5490
5491
5492
5493
5494
5495
5496
5497 11734
5498
5499
5500
5501
5502
5503
5504
5505
5506
5507
5508
5509
5510
5511
5512
5514
5515
5517
5518
5519
5521
5522
5524
5525
5526
5527
5528 7431
5529
5530
5531
5532
5533
5534
5535
5536
5537
5538
5540
5541 10076
5542
5543
5544 9272
5545
5546
5547
5548
5549
5550
5551
5553
5554
5556
5557
5558
5559
5560
5562
5563
5564
5565
5566 6320
5568
5569 9053
5570 7707
5571
5572 6357
5573
5574
5575
5576
5577
5579 8393 8880
5580
5581 11856
5582
5583
5584
5585
5586
5587
5588
5589
5590
5591
5592
5593
5594
5595
5596 5618
5597
5598
5599 12535
5600
5601
5602
5603
5604
5605
5606 11333
5607
5608
5609
5610
5611
5612
5613
5614
5615 11377
5616
5617
5619
5620
5621
5622
5623
5625
5626
5628
5629
5630
5631
5632
5633
5634
5635
5636 7624
5637
5638
5639
5640
5641 10934
5642
5644
5646
5647
5648
5649
5650
5651
5652
5653
5654
5655 12078
5656
5657
5659
5660
5661
5662
5663
5664
5665
5667 8798
5669
5670
5671
5672 12328 12742
5673
5674 9706
5675
5676
5677
5679
5680 12835
5681
5682
5683
5684
5685
5686
5687
5688
5689
5690
5691
5692
5693
5694
5695
5696
5697 10154
5698
5699
5700
5701 10584
5703
5704
5705
5708
5709 6919
5710
5711
5713
5714
5715
5717
5718
5719
5721 9915
5722
5724
5725
5726
5727
5728
5729
5732
5733
5734
5735
5736
5737
5738
5739
5740
5741
5742
5743
5745
5746
5747
5749
5750
5751
5752
5754
5756
5757
5758
5760 6352
5761
5762
5763
5765
5766
5767
5768
5769
5770
5771
5772
5773 11415
5774
5776
5777 7654 10210
5778
5779 7048
5780
5781
5782 7792
5783
5784
5785
5786
5787
5788
5789
5790
5791
5792
5794
5795
5796
5797
5798
5799
5801 9325
5802
5803
5804
5805
5807 11412 11832
5808
5809
5810
5811
5812 12426
5813
5814
5815 5972 7295 13148
5816
5817
5818
5819
5820
5821
5822
5823 6097
5824
5825
5826
5827
5828
5829
5830 10255
5831 10559
5832
5833 6807 9536
5834
5835
5836
5837 7011
5838
5839
5840
5841
5842
5845 6804
5846 7207
5847
5848
5850
5851 7610 7659 12219
5852
5853
5854
5856
5857
5858
5859
5860
5861
5862
5863
5864
5865
5867
5868 7585
5869
5871
5872
5873 7732 10304
5874
5875
5876
5877
5878
5879
5880 10503
5881
5882
5883
5884
5885
5886
5887
5888
5889
5890
5892
5893
5894
5895 7678
5896
5897
5898
5899
5900
5901
5902
5903
5904
5905
5906
5908
5909
5910 7843
5911
5912
5913
5914
5915
5916
5917
5918
5921
5923
5924
5925
5927
5929
5930
5931
5932
5933
5934
5935
5937
5938
5939
5940
5941
5942 12282
5943
5944
5945 10318
5946
5948
5949
5950
5951
5952 11949
5954
5956
5957
5958
5959
5960
5961
5962
5963
5964
5965
5966
5968
5969
5970 8081
5973 7336
5974
5975
5976
5978
5979
5981
5984 11302
5985
5986
5988
5989
5990
5991
5992
5993
5994 7609
5995
5996
5997
5998 9116
5999
6000
6001
6002
6003 6270
6004
6005 12505
6007
6008
6009
6010 12253
6011
6013
6014 10833
6015
6016
6017
6018
6019
6020
6021
6023
6024
6025
6026
6027
6028
6029
6030
6031
6033 7464
6035
6036
6037
6038
6039
6040
6041
6042
6043
6045
6046 11929
6047
6049
6052
6053
6054
6055
6056 12293
6057
6059
6060
6061
6062
6063
6065
6066
6067
6068
6069
6070
6071
6073
6074
6075
6076
6077
6080 12806
6081 12202
6082
6084
6085
6086
6087
6088
6089 11705
6090
6091
6092
6093 11066
6094
6095
6096
6098
6099
6100
6101
6102 7086
6103
6104
6105
6106 12300
6107
6108
6109
6110
6111
6112
6113
6114
6115
6116 8894
6117
6118
6119
6120
6121
6122
6123
6124
6125
6126 10514
6127
6128
6129
6130
6132
6133
6134
6135
6136
6137
6140
6141 7176
6142
6143
6144
6145
6146
6147
6148 6709
6149
6150
6151 9754
6152
6153
6154
6155
6156
6157
6158
6159 9640
6160
6161
6163
6164
6166 12836
6167
6168
6169
6171
6173
6174
6175
6176
6177 11723
6178
6179
6180
6181
6184
6185
6186
6187
6188
6189
6190 8455
6191
6193
6194
6195
6197
6198
6199
6201
6204
6205
6207 12025
6208
6209
6210
6211
6212
6213
6214
6215
6216
6217
6218
6219
6220
6221
6222
6223
6224
6225
6226
6227
6230
6231
6232
6233
6234
6235 12440
6236
6237
6238
6239
6240
6243
6244 11253
6246
6248
6249 11232
6250
6251 7134
6252 6863
6253
6254
6255
6257
6258 12726
6259 10325
6260
6261
6262
6263
6264
6265
6266
6267
6268
6269
6271
6272
6273
6274
6275
6276
6277
6278
6279
6280
6281
6282
6283 13213
6284
6285
6286
6287 11207
6288
6290 11532
6291
6292 7500
6293
6294 11323
6295 7274 8118
6296 12318
6298
6299 7428
6300
6302
6303
6305
6306
6307
6308 9908
6309
6311 10869
6312
6313
6314 6494
6315
6317
6318
6319
6321
6322
6323
6324
6325
6326
6327
6328
6330
6331
6333
6334
6335
6337
6338
6339
6340
6341
6342
6343
6344
6345
6346
6347
6348
6349
6350
6351
6354
6355 6752
6356 7114
6358
6359
6360
6361
6362
6363
6364
6365
6366
6367
6368
6369
6370 6878
6371
6372
6373 7730
6375
6377
6378
6380
6382
6383
6384
6385
6387
6388
6389 8919
6390
6391
6392
6393
6394
6395
6397
6398
6399
6401
6402
6403
6404
6405
6407
6408
6409
6410
6411
6412
6413
6414
6415
6416
6417
6418
6419
6420
6421
6422
6423
6424
6425
6426
6427
6428
6429
6432
6433
6434
6435
6436
6437
6438
6439
6440
6441
6442
6443
6444 9125
6445
6446
6447
6448
6449
6450
6451
6452
6453
6454
6455 12565
6456 7592 10411
6457
6458
6459 10363
6460
6461
6463
6465 8206 8935
6466
6468
6470
6471
6472
6473
6474
6476
6477
6478
6480
6481 7703
6482 7408
6483
6484
6485
6486
6487
6488
6489
6490
6491
6492
6493
6495
6496
6497
6498
6499
6500
6501
6502
6503
6504
6505
6506
6507
6508
6509
6510
6511
6512
6513
6514
6515
6517
6518
6519
6520
6521
6522
6523 6772
6524 10496
6525
6526
6527
6528
6529
6530
6531 9544
6532
6533
6534
6535
6536
6537 8832 12061
6538 7923
6539
6540 12715 12958
6541
6542
6543
6544
6545
6546
6547
6548
6549
6550
6551
6552
6553
6554
6555
6557
6558
6559 10650
6562
6564
6565
6566
6567 7469
6568
6569
6571
6572
6573
6574
6575
6576
6577
6578
6579
6580
6582
6583
6584
6585 10014
6586
6588
6589
6591
6592
6593
6594
6595
6596
6597
6598
6599
6600
6601
6603
6605
6606
6607
6608
6609
6611
6612
6613
6614
6615
6616
6617
6618
6619
6620
6621
6622
6623
6624
6627
6629 11403
6630
6631
6632
6633
6634
6635
6636
6637
6639
6640
6641
6642
6643
6644
6645
6646
6648
6649
6650
6651
6652
6653
6654
6655
6656
6657
6658
6659
6660
6662
6663
6664 11180
6666
6667
6668
6669
6670
6671 13178
6672
6673
6674
6675
6676
6678
6679
6681
6682
6683
6684
6685
6686
6687
6688
6689
6690 7124
6691
6692
6693
6694
6695
6696
6697
6698
6699
6700
6701
6702
6703
6704
6705
6706
6707
6708
6710
6711
6713
6714
6715
6716
6717
6718
6719
6720
6721 11649
6722
6723
6724
6725
6727 11072
6728 12014
6729
6730
6731
6732
6733
6734
6735
6736
6737
6738
6739
6740
6741
6742
6743
6744
6745
6746
6747
6748
6749
6750
6751
6754
6755
6756
6757
6758
6760
6761 9375
6762
6763
6764
6765
6766
6767
6768 9241 10751
6769
6771
6773 10716
6774
6775
6776
6777
6778
6779
6780
6781 10303
6782
6783
6784
6785
6786 9153 11046 11136
6788
6789
6790
6791
6792
6793
6794
6795
6796
6797
6798
6799
6800 13053
6801
6802 7448
6803
6805
6806 12752
6808
6809
6810
6811
6812
6813
6814
6815
6816
6818
6819
6820
6821 10378
6822
6823
6825
6826
6827
6828
6829
6830
6831
6832
6833
6834
6835
6836
6837 11196
6838
6839
6840 9219
6841
6842
6843
6844 8582
6845 8741
6846
6848
6849
6850
6851 9060
6853
6854
6855 9127 12428
6856
6857
6858
6859 9069
6861
6862
6864
6866
6867
6868
6869
6871
6872
6873
6874
6875
6876 11261
6877
6879
6880
6881
6883
6884
6885
6886
6887
6891
6892
6893
6894
6895
6896
6897
6898
6899 12631
6900
6901
6902
6903
6904 10896
6905
6906
6907
6908
6909
6910
6911
6912 10412 12862
6913
6914
6915
6916
6917
6918
6920
6921
6922
6923
6924
6925
6926
6927 11449
6928
6929
6930
6931
6932
6933
6934
6935
6936
6937
6938
6939
6940
6941 12093
6942 9130
6943
6944
6945
6946 11620 13142
6948
6949
6950
6951
6952
6953
6955
6956
6958
6959
6960 13104
6961
6962
6963
6964
6965
6966
6967
6968
6969
6970
6971
6972
6973
6974
6975 12290
6977
6978
6979
6980
6981
6982
6983 7172
6984
6985
6986 7038 12690
6989
6990
6991
6992
6993
6994
6995
6996
6997
6998
6999
7000
7001
7004
7005
7006
7007
7009
7010
7013
7014
7015 10176
7016
7017
7018
7019
7020
7021
7022
7023
7024
7025
7027
7029
7030
7031
7032
7033
7034
7035
7036
7037
7039
7040
7041
7042
7043
7046
7047
7049
7051
7052
7053
7054 11955
7055
7057
7058
7059
7060
7061
7062 12615
7063
7065
7066
7067
7068
7069
7070 12923
7071
7072
7073
7074
7075
7076
7078
7079
7080
7081
7082
7083
7084
7088
7090
7091
7092
7093
7094
7095
7096
7097
7098 8594 11598
7099
7100
7101
7102
7103
7104
7105
7106
7107
7108
7109
7110
7111
7112
7113 8361 10143
7115
7116 13006
7117
7118
7120 8809
7121
7122 9818
7123
7125
7126 10714
7128
7129
7130 12220
7131
7132
7133
7135
7136
7137
7138
7139
7140
7141
7142
7143 8784
7144
7145
7146
7147
7148
7149
7151
7152
7153
7154
7155
7156
7157
7158 12911
7159
7160
7161
7162 9546
7163 10433
7164
7165
7166 8038
7168 9297
7169
7171
7173
7175
7177
7178
7179
7180
7181
7182
7183
7184
7186
7187
7189
7190
7191
7192
7193
7194
7195 11530
7196
7197
7198
7199
7200 8421
7201
7202
7203
7204
7205
7206
7208 10403
7209
7210
7211 10231
7212
7213
7214
7215
7216
7217
7218 7382
7219
7220
7221
7222
7223
7224
7226
7227 11880
7228
7229
7230
7231
7232
7233
7235
7236
7238
7239
7240
7241
7242
7243
7244 10105
7245
7247
7248
7250
7251 9063
7252
7253
7254
7255 12541
7256
7257
7258
7259
7260
7262
7264
7265
7266
7267
7269
7270
7271
7273
7275
7276
7277
7278
7279
7280
7281
7282
7283
7284
7285 8323
7286 9577 12192
7289
7290
7291
7292 12510
7293
7294
7297
7298
7299
7300
7301
7302
7303
7304
7305
7306
7307
7308
7309
7311
7313 12941
7314
7315
7316
7318
7320
7321
7322
7323
7324
7325
7326
7327
7328
7329
7330 9936 12694
7331
7332
7333 8708
7334
7335
7337
7338
7339
7340
7341
7342
7343
7344
7345
7348
7349 7527
7350 11842
7351
7352
7353
7354
7355
7356
7357
7358 9874
7359
7360
7361
7362
7363
7364 11755
7365
7366
7367
7368
7369
7370
7371
7372
7375
7376
7377 7874
7378
7379
7380
7381
7383
7384
7385
7386
7387 11524
7388
7389
7390
7391
7392
7394
7396
7397
7398
7399 11568
7400 11762
7401
7402
7403
7404
7406
7407
7409 10358
7410
7411
7412
7413
7414
7416
7417
7418
7419
7420 10809
7421
7422 9126 10550
7424
7425
7426
7427
7429
7433
7434
7435
7436 10844
7437
7438
7439
7440
7441
7442
7443
7444
7445
7446
7447
7449 12893
7450
7451 7636
7452
7453
7454
7455
7456
7457 11172
7458
7459
7460
7461
7462
7463
7465
7466
7467
7470
7471
7472
7474
7475
7476
7477
7478
7479
7480 10145 12864
7481 9123
7482
7483
7484
7486
7487
7488
7489
7490
7491 10635
7492
7493
7494
7495
7496
7497
7498
7499
7501
7502 7642
7503
7505
7506
7507
7508
7509
7510
7511
7512
7513
7514
7515
7516
7517
7518
7519
7520
7521
7522
7524 12471
7525
7526
7528
7529
7530
7531
7532
7533
7534
7535
7537
7538
7540
7541
7542
7545
7546
7547
7549
7551
7552
7553
7555
7557
7558
7560
7561
7562 7953 9239
7563
7565
7566
7567
7568
7569
7570
7571
7572
7573
7574
7575
7576
7577
7578
7579
7580
7581
7582
7583
7584
7586
7591
7593
7595
7597
7599
7601
7602
7603
7604
7605
7606
7607
7608
7612
7614
7615
7616
7617
7618
7620
7621
7623
7625
7626
7628
7629
7630
7631
7632
7633
7634 12321
7635
7637
7638
7639
7640
7641
7643
7644 8754
7645
7646
7647
7648
7649
7650
7651 11338
7652
7653
7656
7657
7658
7660
7661
7663
7665
7666 8703
7667
7668
7669
7670
7671
7672
7673
7674
7675 9260
7676
7677
7679
7680
7681
7682
7683
7684
7685
7686
7687
7688
7689
7691
7693
7695
7696
7697
7698
7700
7701
7702
7705 12432
7706
7708
7709
7712
7713
7714
7716
7717
7718
7719
7720
7721
7722
7723
7724
7725
7726
7727
7729
7731
7733
7734
7735
7736
7738
7739
7740
7741
7742 12194
7743
7744
7745
7746
7747
7748
7749
7750
7751
7752
7753
7754
7755
7756
7757
7758
7760
7761
7762 12909
7763
7764 8988
7765 8790
7766
7767
7768
7769
7770
7771
7772
7773
7774
7775
7776
7777
7779
7780
7781
7783
7785 9477 10836
7788
7789
7790
7793
7794
7795
7796
7798
7799
7801
7802
7803
7804
7805
7807
7808
7811
7812
7813 9371
7814
7815
7816
7817
7819
7820 12459
7821
7822 7871 12832
7823
7824
7825
7826
7827
7828
7829
7830
7831 12697
7832
7833
7834
7835
7836
7837
7838
7839 10177
7840
7841
7842
7844
7845
7846
7848
7849 8617
7850
7852
7853 11798
7854
7855
7856 9017 10341
7857
7858
7859
7860
7861
7862
7863
7864
7865
7866
7867
7868
7869 8884
7870
7872
7873
7875
7876
7877
7878
7879
7880
7881
7882
7884
7886
7887
7888
7889
7890
7891
7892
7893
7894 10987
7895
7896
7897
7899 10758 12953
7901
7902
7903
7904
7905
7906
7907
7908
7909
7911
7913
7914
7916
7917
7918
7919
7920
7921
7922
7927
7928
7929
7930
7931
7933
7934
7935
7936
7937
7938
7939
7940
7941
7942
7943
7944 9065
7945
7946 12876
7947 10531
7948
7949
7950
7951
7952
7954
7955
7956
7957
7958
7959 9639
7960
7962
7963 8686
7964
7965
7966
7967
7968
7969
7970
7971 8079
7972
7973
7974
7976
7977
7978
7980 11874
7981
7984
7985
7986
7987
7988 10024
7989
7990 11453
7991
7992
7994
7995
7997
7998
8000
8001
8002
8003
8004
8005
8006 9078 11182
8007 8629
8009
8010
8012
8013
8014
8015
8017
8019
8020
8021
8023
8024
8025
8026
8027
8028
8029
8030
8031
8032
8033
8034
8035
8039
8040
8041
8042
8043
8044
8045
8046 10392
8047
8048
8049
8050
8051
8052 12947
8053
8054
8055 9092
8056
8057 8418
8059
8060
8061
8062
8063
8064
8065
8066
8067
8068
8069
8071
8072
8073
8074
8075
8076
8077
8080
8082
8083
8084
8085
8086
8087
8088
8090
8091
8092 12391
8093
8094
8095
8097
8098
8099
8100
8101
8102
8103
8104
8106
8107
8108
8109
8110
8111
8112
8113
8114
8115
8116
8119
8120
8122
8123
8124
8125
8126
8128
8130
8131
8132
8133
8134
8135
8137
8138
8140
8142
8143
8145
8146
8147
8148
8151 12641
8152
8153
8154
8156
8157
8158 12985
8159 10513
8160
8161
8162
8163 8346
8164
8165
8166
8167
8168
8169
8170
8173
8175
8176
8177
8178
8179 8933 9095
8181
8182
8183
8184
8185 10243
8186
8187
8188
8189
8190
8191
8192
8193
8194
8196
8197
8198
8199
8201
8202
8203
8204
8205
8208
8209
8210
8211
8212
8213
8214
8215
8216
8217
8219
8221
8222
8223
8225
8226
8228 10779
8229
8230
8231
8232
8233 12037
8234
8235
8236
8238
8240
8241
8243
8244
8246
8247
8249
8250
8251
8252
8253
8254
8255
8256 10063
8257
8258
8259
8260
8261
8262
8263
8265
8266
8268
8269
8270
8271
8272
8273
8274
8275
8276
8277
8278
8279
8280
8281 10045
8282
8283
8284
8286
8287
8288
8289
8290
8291
8292
8294
8295 9514
8296
8297
8298
8299
8300 11384
8301
8302
8303
8304
8305
8306
8307
8308
8309
8310
8311
8313
8314
8315
8316
8317
8318
8319
8322
8324 12263
8325
8326
8327
8328
8329
8331
8332
8333
8334
8335 9618
8336
8337
8338
8339
8340
8341
8342
8343
8344
8345 9088
8347
8348
8349
8350
8352
8356
8359
8360
8362
8363 9206
8364 10261
8365
8366
8367 10068 10432
8368
8369
8372
8373
8374
8375
8376
8377
8378
8379
8381
8382
8384
8385
8386
8388
8390
8391
8392
8394
8395
8396
8397
8398
8399
8400
8401
8402
8403
8404
8405
8406
8407
8408
8409
8410
8411
8412
8413 12684
8414
8415
8416
8417
8419
8420
8422
8423
8424
8426
8427
8428
8430
8431
8432
8433
8434
8435
8436
8437
8439
8440 9145
8441
8442
8443
8444
8445
8446
8447 9455
8448
8449
8450
8451 12677
8452
8453
8456
8457
8458
8459 8486
8460 11942
8461
8462
8463
8464
8465
8467
8468
8471
8472
8473
8474
8475
8476 11694
8477
8478
8479
8480
8481
8484
8487
8488
8489 10507
8490
8491
8492
8493
8494
8495
8496
8497
8498
8499
8500
8501
8502
8503
8504 11059
8505
8506
8507
8508
8509
8510
8511
8512
8514
8516 11392
8518
8519
8521
8522
8523
8524
8525
8526
8528 8981
8529
8530
8531
8532
8534
8538
8539
8540 9883
8541
8543
8545
8546
8548
8549
8550
8551
8552
8553
8554
8555
8556
8558
8559
8560
8561
8562
8563
8564
8565
8566
8567
8568
8570
8571
8572
8574
8575
8576 10709
8578
8579
8580
8581
8583
8584
8585
8586
8587
8588
8589
8590
8591
8592
8595
8596
8597
8600
8601
8602 12418
8603
8604
8605
8606 12608 12662
8607
8608
8609
8610 12545
8611
8612
8614
8615
8616
8618
8619
8620
8621
8622
8623
8624
8625
8626
8627
8628
8630 9649
8631
8632
8633
8635
8636
8637
8638
8639
8640
8641
8642 12898
8643
8644
8645
8646
8647
8648
8649
8650
8651
8653
8654
8655
8656
8657
8658
8659
8660
8662
8663
8664
8665
8666
8667
8668
8670
8671
8672
8673
8674
8675
8676
8677
8678
8679 10148 12639
8680
8681
8682
8683
8684
8685
8687
8688
8689
8690
8691
8692
8693
8694
8695
8696
8698
8699
8700
8701
8702
8704
8706
8707
8709
8710
8711
8712
8713
8714
8715
8716
8717
8718 8902
8719 13170
8720
8721
8722
8723
8724
8725 9450
8726
8727
8728
8729
8730
8731
8732
8733
8734
8735 10291
8737
8738
8739
8740
8742
8746
8748
8749
8751
8752
8753
8756
8757
8758
8759
8760
8762
8763
8764
8765
8766
8767
8768
8769
8770
8771
8772
8773
8774
8775
8776
8779 12540
8781
8782
8783 11496
8786
8787
8788
8789
8791
8793 9682
8794
8795
8796
8797
8800
8801
8803
8804
8805
8806
8807
8808 10583 10997
8810
8811
8812
8813
8814
8815
8816 12474
8818
8819
8820
8821
8822
8823
8825 12484
8826
8827
8828
8829
8830
8831 12548
8833
8834
8836
8837
8838
8839
8841
8842
8843
8844
8845
8846
8847
8849
8850
8851
8852
8853
8854
8855
8856
8857
8858
8859
8860
8861
8863
8864
8865
8866 9752
8867
8868
8869
8870
8871 10769 12405
8872
8874
8876
8877
8878
8879
8882
8885
8886
8887
8888
8889
8890
8892
8893
8895
8896
8897
8898
8899
8900
8901
8903
8904
8905
8906
8907
8908
8909
8910
8911
8912
8913
8914
8915
8916
8917
8918
8920
8923
8924
8926
8928
8930
8932
8934
8936
8937
8940
8941
8942
8943
8944
8945
8946
8947
8948
8951
8952
8953
8954
8955
8956
8957
8958
8959
8960
8961
8962
8963
8964
8966
8967
8968
8969
8971
8972
8973
8975
8976
8977
8978
8979
8980
8982
8983
8984
8985
8986
8989
8990
8991
8992
8993
8994
8995
8996
8997
8998 12016
8999
9000
9001
9002
9003
9004
9005
9006
9007
9008
9009
9010
9011
9012
9014
9015
9016
9019
9020
9022
9023
9024
9025
9027
9028
9029
9030
9031
9032
9033
9034
9035 11791
9036
9038
9039
9040
9041
9042
9043
9044
9045
9046
9047
9048
9049
9050
9052
9055
9056
9057
9058
9059
9061
9062
9066
9067
9068
9070
9071
9072
9073
9074
9075
9079 9462
9080
9081
9082
9083
9084
9085
9086
9087
9089
9090
9091 9441
9093
9094
9096
9098
9099
9101
9103
9104
9105
9106
9108
9109
9110
9111
9112
9113
9114
9115
9117
9118
9119 10353
9120
9121
9122
9124
9128
9131
9133
9135
9137
9138
9139
9140
9141
9142
9144
9146
9147
9149
9150
9151 10293
9152
9155
9156
9157 11887
9158
9159
9160
9161
9162
9163
9164
9165
9166
9167
9168
9169
9171
9172
9173
9174
9176
9177
9179
9180
9181
9182
9185
9186
9187
9188
9189
9190
9191
9192 9668
9193
9194
9195
9196
9197
9199
9200
9201 11521
9202
9203
9204
9205
9207
9208
9209
9210
9211
9212
9213
9214
9215
9216
9217
9218
9221
9223
9225
9226
9227 12354
9228
9229
9230
9231
9232
9233
9234
9235
9237
9240
9242
9243
9245
9246
9247
9248
9249
9250
9251
9252 9353
9253
9254
9255
9256
9257
9258
9261
9262
9263
9264
9265 9644 12331
9266
9267
9268
9269
9270
9271
9273
9274
9275
9276
9277
9278
9279
9280
9281
9282
9283
9285
9286
9287
9288
9289
9290
9291
9292
9293
9294
9295
9296
9298
9299
9300
9301
9304
9305
9306
9307
9310
9311
9312
9313
9314
9315
9316
9317
9318 10516
9319
9320
9321
9322
9323
9324
9326
9327
9328
9329
9330
9331
9332
9333
9334
9335
9338
9339
9340
9341
9342
9343
9344
9345
9346
9347
9348
9349
9350
9351
9352
9354
9355
9356
9357
9358
9359
9361
9362
9363
9364
9365
9367
9369
9372
9373
9374
9377
9378
9380
9381
9383
9384
9385
9386
9387
9388
9391
9392
9393 10944
9394
9396
9397
9398
9399
9400
9401 12369
9402
9403
9404
9405
9406
9407
9408
9409
9410
9411
9413
9414
9415 11794
9416
9417
9418
9419
9420
9421
9423
9425
9426
9429 10628 12692
9430
9431
9432
9434
9435
9436
9437
9438
9439
9440 12919
9442
9443
9444
9445
9446
9447
9448
9449
9451
9452
9453
9454
9456
9457
9458
9459
9460
9461 10487
9463
9464
9465
9466
9467
9468
9469
9470
9471
9472
9473 10499
9474
9475
9476
9478
9479
9480
9481
9484
9485
9486
9487
9488
9489
9490
9492
9493
9494
9495 13083
9496
9497
9498
9499
9500
9501
9502
9505
9506
9507
9508
9509
9510
9511
9515 12031
9517
9518
9519
9520
9522
9524
9525
9527
9528
9529
9531
9532
9533
9534
9535
9537
9538
9539
9540
9541
9542
9543
9545 12415
9547
9548
9549
9550
9551
9552
9553
9554
9555
9556
9557
9558
9559
9561
9563
9564
9565
9566
9567
9568 11316
9569
9571
9572
9574
9575
9578
9579
9580
9581
9583
9585
9586
9587
9588
9589 13189
9590
9592
9593
9594
9595
9596
9597
9598
9599
9601
9602
9603
9605
9606
9607
9608
9609
9610
9611
9612
9613
9614
9615
9616
9617
9619
9621 10787
9622
9623
9625
9626
9627
9628
9629
9630
9631
9632
9633
9634
9635
9636
9637
9638
9641
9642
9646
9647
9648
9651
9652
9653
9654
9655 12544
9656
9657
9658
9659
9660
9661
9662
9663
9664
9665
9666
9667
9669
9670
9671
9672
9674
9675
9676
9677
9679
9680
9681
9683
9684
9686
9687
9688
9689
9690
9691 11793
9692
9693
9694 12531
9695
9696
9697
9698
9699
9700
9702
9703
9704
9707
9708
9709
9710
9711
9712
9713
9714
9715
9716
9717
9718
9719
9720
9721
9722
9723
9725
9726
9729
9730 12817
9731
9732
9733
9734
9735
9736
9737
9738
9739
9740
9741
9742
9743
9744
9745
9746
9747
9749
9750
9751
9753
9755
9756
9757
9758
9759
9760
9761
9762
9763
9766
9768
9769
9771
9772
9774
9775
9776
9777
9778
9779 12776
9780
9781
9783
9784
9785
9786
9787
9788
9789
9790
9791
9792
9793
9794
9795
9796
9797
9798
9799
9800
9801
9802
9803
9805
9806
9807
9808
9809
9810
9811
9813
9814
9815
9816
9817
9819
9820
9821
9822
9823
9824
9825
9826
9827
9830
9831
9833
9834
9835
9836
9837
9838
9839
9840
9842
9845
9846
9847
9848
9850
9851
9853
9854
9855
9857
9858
9859
9860
9861
9862
9863
9864
9865
9866
9867
9868
9869
9870
9871
9873
9875
9877
9878
9879
9880
9881
9882 10396 11934
9885 12980
9886
9887
9888
9889
9890
9891
9892
9893
9894
9895
9896
9897
9898
9899
9900
9901
9902
9903
9904
9905
9906
9907
9909 9914
9910
9911
9913
9917 10179
9918
9919
9920
9921
9922 11178
9923
9924
9925
9927
9928
9929
9930
9932 11819
9933
9934
9935
9937
9938
9939 12507
9940
9941
9942
9943
9944
9946
9947 11205
9948
9949
9950
9952
9954
9955
9956
9957
9960
9961
9962
9963
9964
9965
9966
9967
9968
9969
9970
9971
9972
9973
9974
9975
9976
9977
9978 11770
9981
9982
9983 10384
9984
9985
9986
9987
9988
9989
9990
9992
9993
9994
9995
9996
9998
10000
10001
10002
10003
10005
10006
10008
10009
10010
10011
10012
10013
10015
10016
10017
10018
10019
10020
10021
10022
10023
10025
10026
10027
10028
10031
10033
10035
10036 12977
10037
10039
10040
10041
10042
10043
10044
10046
10047
10048
10049
10050
10052
10054
10055
10057
10058
10059
10060
10061
10062
10064
10065
10066
10069
10070
10071
10072
10073
10074 12289
10075
10077
10078
10079
10080
10081
10083
10084
10085
10086
10087
10088
10089
10091
10092
10093
10094
10095
10096
10098
10100
10101
10102
10103
10104
10106
10108
10110
10111
10113 11657
10114
10115
10116
10118
10119
10120
10121 10295 10545 11314
10122
10123
10124 11977
10125
10127
10128
10130
10131
10132
10133
10134
10135
10136
10137
10138
10139
10140
10141
10142
10144
10146
10147
10149
10150
10152
10153
10155
10157
10158
10159
10160
10161
10162
10163
10164
10165
10166
10167
10168
10169
10170
10171
10172
10174
10175
10178
10180
10181
10182
10183
10184
10185
10186
10187
10188
10189
10190
10191
10192
10194
10195
10196
10197
10199
10201
10202
10203
10204
10205
10207
10208
10209
10211
10214
10215
10216
10217
10218
10220 11295
10221
10222
10223
10224
10225
10226
10227
10228
10229
10230
10232
10233
10234
10236
10237
10238
10239
10240
10241
10242
10244
10245
10246
10247
10248
10249
10250
10252
10253
10254
10256 12169
10257
10259
10260
10262
10263
10264 13073
10265
10266
10269
10270
10271
10272
10273 11405
10274
10275
10276
10277
10278
10279
10280
10281
10282
10284
10285
10286
10287
10288
10289
10292
10294
10296
10297
10298
10299 10719
10300
10301
10302
10305
10306
10307
10308
10309
10310
10312
10313
10315
10316
10317
10319
10320
10321
10322
10324
10327
10329
10331 11109
10332
10334
10335
10336
10337 12359
10338
10340
10342
10343
10344
10346
10347
10348
10349
10351
10352
10355
10356
10357
10359
10360
10361
10362
10364
10365
10366
10367
10368
10369
10370 12805
10372
10373
10374
10375
10376
10377
10379
10380
10381
10382
10383
10385
10387
10389
10390
10391
10393
10394
10395
10397
10398
10399
10400
10401
10402
10404
10405
10406
10408
10409
10410
10413
10415
10416
10417
10418
10419
10420
10421
10422
10423
10424
10425
10426
10427
10428
10429
10430
10431
10434
10435
10436
10437
10438
10439
10440
10441
10442
10443
10444
10445
10446
10447
10448
10449
10451
10452
10453
10454
10455
10456 10953
10458
10459
10460
10461
10462
10463
10464
10466
10468
10470
10471
10472
10473
10474
10475
10476
10478
10479
10480
10481
10482
10483
10484
10485
10486
10488
10489
10490
10491
10493
10494
10495
10497
10498
10500
10501
10502
10504
10505
10506
10508
10509
10510
10511
10512 10588
10515
10517
10518
10519
10520
10521
10522
10523
10524
10525
10526
10527
10528
10529
10530
10532 11559
10533
10534
10535
10536
10537
10539
10541 12402
10542
10543
10544
10546
10547
10549
10551
10552
10553
10554
10555
10556
10557
10558
10560 13166
10561
10562
10563
10564
10566
10567
10568
10569
10570
10571
10572
10573
10574
10575
10576
10577
10578
10579
10581
10582
10585
10586
10587
10589
10591
10592
10593
10594
10595 12048
10596
10597
10598
10599
10600
10601
10602
10603
10604
10605
10606
10608
10609
10610
10611
10612
10613
10614
10615
10616
10617
10618
10620
10621
10622
10623
10624
10625
10626
10627
10629
10630
10631
10632
10634
10637
10638
10639
10640
10642
10643
10644
10645
10646
10647
10648
10651
10653
10654
10655
10657
10658
10659
10661
10662
10663
10664
10666
10667 11370
10668
10669
10670
10671
10673
10674
10676
10677
10678
10679
10680
10681
10682
10683
10685
10686
10687
10688
10689
10690
10691
10692
10694
10695
10697
10698
10699
10700
10701
10702
10705
10706
10707
10710 11701
10711
10712
10713
10715
10717
10718
10720
10721
10722
10723
10724
10725
10726
10727
10728
10730
10731
10732
10733
10734
10735
10736
10737
10738
10739
10740
10742
10743
10744
10745
10747
10748
10750
10752
10753
10754
10755
10756
10757
10759
10760
10761
10762
10763
10764
10765
10766
10767
10768
10770
10771
10773
10775
10776
10777
10778 11380
10780
10781
10782
10783
10784
10786
10788
10790
10791
10793
10794
10796
10797
10798
10799
10800
10801
10802
10803
10804
10805
10806
10807
10808
10810
10811
10812
10813
10814
10815
10816
10817
10818
10819
10820
10821
10822
10823
10824
10825
10826
10828
10829
10830
10831
10832
10834
10835
10837
10838
10839 12852
10841
10842
10843
10845
10846
10847
10848
10850
10851
10852
10853 11200
10854
10855
10856
10857
10858
10859
10860
10861
10862
10864
10865
10867
10868
10870
10871
10872
10874
10875
10876
10877
10878
10879 12824
10880
10881
10882
10883
10885
10886
10887
10888
10889
10890
10891
10892
10893
10894
10895
10897
10898
10899
10900
10901
10903
10904
10905
10906
10907
10909
10910
10911
10912
10913
10914
10915
10917
10918
10920
10921
10922
10923
10924
10925
10927
10928
10929
10930
10931
10933
10935
10936
10937
10938
10939
10940 11223
10941
10942
10943
10945
10946
10948
10949
10950
10951
10952
10954
10955
10956
10957
10958
10959
10960
10961
10962
10963
10964
10965
10966
10967
10968
10969
10970
10971
10972
10973
10974
10975
10976
10978
10979
10980
10981
10982
10983
10984
10985
10986
10988
10989
10990
10991
10993 11118
10994
10996
10998
10999
11000
11001
11002
11003
11004
11005
11006
11007
11008
11009
11010
11011
11013
11014
11015
11016
11020
11021
11022
11023
11024
11025
11026
11027
11028
11029
11030
11032 12182 12771
11033
11034
11036
11037
11038
11041
11042
11043
11044
11045
11047 13049
11048
11049
11050
11051 12447
11052
11053
11054
11055
11056
11057
11058
11061
11062
11063
11064
11065
11067
11068
11069
11071
11074
11075
11076
11077
11078
11079
11080
11081 12101
11082
11083
11084
11086
11087
11088
11089
11090
11091
11092
11093
11094
11095
11096
11097
11098
11099
11100
11101
11102
11103
11104
11106
11107
11108
11110
11111
11112
11113
11114
11115
11116
11117
11120
11121
11122
11123
11124
11125
11126
11127
11128
11129
11130
11131
11132
11134
11135
11137
11138
11139
11140
11141
11142
11143
11144 12870
11145
11146
11147
11148
11149
11150
11151
11153
11154
11155
11156
11157
11158
11159
11161
11162
11163
11164
11165
11166
11167
11168
11169
11170
11171
11173
11174
11175
11176
11177
11179
11181
11183
11185
11186
11187
11188
11189 12595
11190
11192
11193
11194
11195
11197
11198
11199
11201
11202
11203
11204
11206
11209 12357 12761
11210
11211
11212
11213
11214
11215
11216
11217
11218
11219
11220
11221
11222
11224
11225
11226
11227
11228
11229
11230
11231
11233
11234
11235
11236
11237
11238
11239
11240
11241
11242
11243
11244
11246
11247
11248
11249
11250
11251
11254
11255
11256
11257
11258
11259
11260
11262
11263
11265
11266
11267
11268
11270
11271
11273
11274
11275
11276
11277
11278
11279
11280
11281
11282
11284
11286
11287
11288
11290
11291
11292
11293
11294
11296
11297
11298
11299
11300
11301
11304
11306
11307
11308
11309
11310
11312
11313
11315
11317
11318
11319
11320
11321
11322
11324
11325
11327
11328
11329
11330
11332
11335
11336
11337
11339
11340
11341
11342
11343
11344
11345
11346
11347 12534
11348
11349
11350
11351
11352
11353
11354
11355
11356
11357
11358
11359
11360
11361
11362
11363
11364
11365
11366
11367
11368
11369
11371
11372
11373
11374
11375
11376
11378
11381
11382
11385
11389
11390
11391
11393
11394
11396
11397
11398 13132
11399
11400
11401
11402
11406
11408
11409
11410
11411
11413 12769
11414
11416
11417
11418
11419
11420
11421
11422
11423
11424
11425
11426
11427
11428
11429
11430
11431
11433
11434
11435
11436
11437
11438
11439
11440
11441
11442
11443
11445
11447
11448
11450
11451
11452
11454
11455
11456
11457
11458
11459
11460
11461
11462
11464
11465
11466
11468
11470
11471 12163
11472
11473
11474
11476
11478
11480
11481
11482
11483
11484
11485
11486
11487
11488
11489
11490
11491
11492
11493
11494
11495
11497
11498
11499
11500
11501
11502
11503
11504
11505
11506
11507
11508
11509
11510
11511
11512
11513
11514
11516
11517
11518
11519
11523
11525
11526
11527
11528
11529
11531
11533
11534
11536
11537
11538
11539
11541
11542
11543
11544
11545
11546
11547
11548
11550
11551 11936
11552
11554
11555
11556
11557
11558
11560
11561
11562
11564
11566
11567
11569
11570
11571
11572
11573
11574
11576
11577
11578
11579
11580
11581
11582
11584
11585
11586 13087
11587
11588
11589
11590
11591
11592
11593
11594
11595
11596
11597
11599
11601
11602
11603
11604
11605
11606
11607
11609
11610 11894
11611 12353
11612
11613
11614
11615
11616
11617
11618
11619
11622
11623
11624
11625
11626
11627
11628
11629
11630
11631
11632
11633
11635
11636
11637
11638
11639
11640
11641
11642
11643
11644
11647
11648
11650
11651
11652
11653
11654
11655
11656 13212
11659
11660
11661
11662
11663
11664
11665
11666
11667
11668
11669
11670
11671
11672
11673
11674
11675
11676
11677
11678
11679
11681
11682
11683
11684
11686
11687
11688
11689
11690
11692
11693
11696
11697
11698
11699
11700
11702
11703
11704
11706
11707
11709
11710 11756
11711
11712
11713
11715
11717
11718
11719
11720
11721
11724
11725
11726
11727
11728
11729
11730
11731
11732
11733
11735
11736
11737
11738
11739
11740
11741
11742
11743
11744
11746
11747
11748
11749
11750
11752
11753
11754
11758
11759
11763
11765
11766
11767
11768
11769
11771
11772
11773
11774
11775
11776
11777
11778
11779
11780
11781
11782
11783
11784
11785
11786
11787
11788
11789
11792
11795
11796
11797
11800
11801
11802
11803
11804
11806
11807
11808
11809
11810
11811 12823
11812
11813
11814
11815
11816
11817
11818
11820
11821
11822
11823
11824
11825
11826
11827
11828
11829
11830
11831
11833
11834
11835
11836
11837
11838 12652
11839
11840
11841
11843
11844
11845
11846 13072
11847
11848
11849
11850
11851
11852
11853
11854
11855
11857
11858
11859
11860
11861
11862
11863
11864
11865
11866
11868
11869
11870
11871
11873
11875
11876
11877
11878
11879
11881
11882
11883
11884
11885
11888
11890
11893
11895
11896
11897
11898
11900
11901
11902
11903
11904
11905
11906
11907
11908 12970
11909
11910
11911
11912
11913
11914
11915
11916
11917
11918
11919
11923
11924
11925
11926
11927
11928
11930
11931
11932
11933
11937
11938
11939
11940
11941
11943
11944
11945
11948
11950
11951
11953
11954
11957
11958
11959
11960
11961
11962
11965
11966
11967
11968
11969
11970
11971
11972
11973
11974
11976
11978
11979
11980
11981
11982
11983
11984
11985
11986
11987
11989
11990
11991
11992
11993
11994
11995
11996
11997
11998
11999
12000
12002
12003
12004
12005
12006
12007
12008
12009
12012
12013
12015
12017
12018
12021
12022
12023
12024
12027
12028
12029
12030
12032
12033
12034
12038
12039
12040
12041
12042
12043
12044
12045
12046
12050
12051
12052
12054
12055
12056
12059
12060
12062
12063
12064
12065
12069
12070
12072
12073
12074 12333
12075
12076
12079
12080
12081
12082
12083
12084
12085
12086
12087
12088
12089
12090
12091
12092
12095
12097
12098
12099
12100
12102 12983
12103
12104
12105
12106
12107
12108
12110
12111
12112
12113
12114
12115
12116
12117
12118
12119
12120
12121
12122
12123
12124
12125
12126
12127
12128
12129
12131
12132
12133
12134
12135
12136
12137
12138
12139
12140
12141
12142
12144
12145
12147
12148
12150
12151
12152
12153
12154
12155
12156
12158
12159
12160
12161
12162
12164
12165
12166
12167
12168
12170
12171
12172
12173
12174
12175
12177
12178
12179
12180
12181
12183
12185
12186
12187
12188
12189 12863
12191
12193
12195
12196
12197 12678
12198
12199
12200
12201
12203
12205
12206
12207
12208
12210
12211
12213
12214
12215
12216
12218
12221
12222
12223
12224
12225
12226
12227
12228
12229
12230
12231
12232
12233
12235
12236
12237
12238
12239
12240
12241
12242
12243
12244
12245
12246
12250
12251
12252
12254
12255
12256
12257
12258
12259
12260
12261
12262
12264
12265
12266
12267
12268
12269
12270
12271
12272
12273
12274
12275
12276
12277
12278
12279
12280
12281
12283
12284
12285
12286
12287
12288
12291
12292
12295
12296
12298
12299
12301
12302
12303 12644
12304
12305
12307
12308
12309
12310
12311
12312 12467
12313
12314
12315
12316
12317
12319
12320
12322
12323
12324
12325
12326
12327
12329
12330
12332
12334
12335
12336
12337
12338
12339
12340
12341
12342
12343
12344
12345
12346
12347
12348
12350
12351
12352
12355
12356
12360
12362
12363
12365
12366
12367
12368
12370
12372
12373
12374
12375
12376
12377
12378
12379
12380
12381
12382
12383
12384
12385
12386
12387
12388
12389
12390
12392
12393
12394
12395
12397
12398
12399
12400
12401
12403
12404
12406
12407
12408
12409
12410
12411
12412
12413
12414
12416
12417
12419
12420
12421
12422
12424
12425
12427
12429
12430
12431
12433
12435
12436
12437
12438
12439
12441
12442
12443
12444
12445
12446
12448
12449
12450
12451
12452
12453
12454
12455
12456
12457
12458
12460
12461
12462
12463
12465
12466
12468
12470
12472
12473
12475 13014
12478
12479
12481
12482
12483
12485
12486
12487
12488
12489
12490
12491
12492
12493
12494
12495
12496
12498
12499
12500
12501
12502
12503
12504
12506
12508
12509
12511
12512
12513
12514
12516
12517
12518
12521
12522
12523
12524
12525
12526
12528
12529
12530
12532
12533
12536
12538
12539
12542
12546
12547
12550
12551
12552
12553
12554
12555
12556
12557
12558
12559
12560
12561
12562
12563
12564
12566
12567
12568
12569
12570
12572
12573 13038
12574
12577
12578
12579
12580
12581
12582
12583
12585
12586
12587
12588
12589
12590
12591
12592
12593
12594
12596
12597
12598
12599
12600
12601
12602
12603
12604
12605
12606
12607
12609
12610
12611
12612
12614
12616
12617
12618
12619
12620
12621
12622
12623
12624
12625
12627
12628
12629
12630
12632
12633
12634
12636
12638
12640
12643
12645
12646
12647
12648
12649
12650
12651
12653
12654
12656
12657
12658
12659
12660
12661
12664
12665
12666
12667
12668
12672
12673
12674
12675
12676
12679
12680
12681
12682
12683
12685
12686
12687
12688
12689
12691
12693
12695
12696
12698
12699
12700
12701
12702
12703
12704
12705
12706
12707
12709
12711
12712
12713
12714
12716
12717
12719
12720
12721
12722
12723
12725
12727
12728
12729
12730
12731
12733
12734
12735
12736
12738
12739
12740
12741
12743
12744
12746
12747
12748
12750
12751
12754
12755
12756
12757
12758
12759
12760
12762
12763
12764
12766
12767
12768
12770
12773
12774 12889
12777
12778
12779
12780
12781
12782
12783
12784
12785
12786
12787
12788
12789
12790
12791
12792
12793
12794
12795
12796
12797
12798
12799
12800
12801
12802
12803
12804
12807 13165
12808
12809
12810
12811
12812
12813
12814
12815
12816 13130
12818
12819
12820
12821
12822
12825
12826
12827
12828
12829
12831
12834
12837
12838 12871
12839
12840
12841
12842
12843
12845
12848
12849
12850
12851
12853
12855
12856
12857
12858
12859
12860
12861
12865
12866
12867
12868
12869
12873
12875
12877
12878
12879
12881
12882
12884
12885
12886
12887
12888
12890
12891
12892
12894
12896
12897
12899
12900
12901
12902
12903
12904
12905
12906
12907
12908
12910
12912
12913
12916
12917
12918
12920
12921
12922
12924
12925
12926
12927
12928
12929
12930
12932
12933
12934
12935
12936
12937
12938
12939
12940
12942
12943
12944
12946
12948
12950
12951
12954
12956
12957
12959
12960
12961
12962
12963
12964
12965
12966
12968
12969
12971
12974
12975
12976
12978
12979
12981
12982
12984
12986
12987
12988
12989
12990
12991
12992
12993
12994
12995
12997
12998
12999
13000
13001
13002
13003
13004
13005
13007
13008
13009
13010
13011
13013
13015
13016
13017
13019
13020
13021
13022
13023
13024
13025
13026
13027
13029
13030
13031
13032
13033
13034
13035
13036
13037
13039
13040
13041
13042
13044
13046
13047
13050
13051
13052
13054
13055
13056
13057
13058
13059
13061
13062
13065
13067
13068
13069
13071
13074
13075
13076
13078
13079
13080 13149
13081
13082
13084
13085
13086
13088
13089
13090
13091
13092
13093
13094
13095
13098
13099
13100
13101
13102
13103
13105
13106
13108
13109
13111
13112
13113
13114
13115
13117
13120
13121
13122
13123
13124
13126
13127
13128
13129
13133
13134
13135
13136
13137
13138
13139
13140
13141
13143
13144
13145
13146
13150
13151
13152
13153
13154
13156
13157
13158
13159
13160
13162
13163
13167
13168
13172
13174
13175
13176
13177
13179
13180
13181
13182
13184
13185
13186
13187
13188
13190
13191
13192
13193
13195
13197
13198
13199
13200
13201
13202
13203
13204
13205
13206
13207
13208
13209
13210
13211 
