13214 1680
8536 4965
6352 5760
6431 5731
10588 10512
6005 12505
3010 3520
136 2666
5026 6677
9119 10353
5779 7048
6162 4642
5172 8469
2435 3832
11415 5773
6106 12300
12847 482
3744 1340
10741 2174
7869 8884
2579 10051
11770 9978
10074 12289
1339 11018
579 499
10268 5031
10457 3354
10388 3020
1140 8227
12862 10412
7885 2894
755 1503
9134 2686
9371 7813
11413 12769
5280 9884
3187 4328
2839 12497
11551 11936
9577 7286
8476 11694
5744 3294
3429 12515
9220 4142
4104 69
13073 10264
2875 1707
10007 990
7119 11245
8207 4108
8081 5970
6353 7598
8745 4197
10531 7947
8330 2614
3098 3990
1724 12146
11331 1573
10036 12977
3001 11685
1781 1413
10863 3954
11252 4731
1560 3144
5179 12635
3770 5154
12001 8921
7174 3001
12876 7946
6726 9701
1332 4385
5812 12426
3949 1459
12642 5002
12684 8413
11047 13049
12184 4872
8933 9095
6299 7428
1271 11867
9999 5044
3305 3593
3704 11305
6807 9536
9424 433
11446 9678
3341 6050
5945 10318
12830 2352
3217 4996
262 3569
1634 878
12771 11032
13116 4958
9589 13189
10995 10932
4607 8141
1811 8058
6287 11207
766 12724
8357 5723
5087 12520
2305 6229
6837 11196
10063 8256
9224 6556
8718 8902
877 4900
407 11031
12889 12774
11920 3143
6475 1272
8144 13107
1335 9154
10148 12639
4665 455
12369 9401
1228 4482
9370 2336
2069 7543
12893 7449
4309 10117
541 2412
11019 485
7387 11524
4737 12765
1907 8542
7894 10987
3293 13196
6524 10496
11872 4375
9841 5152
6912 10412
12469 6847
4745 6131
9516 2565
1713 1936
10333 3227
12737 4963
9076 4708
902 13194
2172 13064
7431 5528
6235 12440
4313 12670
9222 2655
6523 6772
8233 12037
10641 2608
4942 7883
10056 4059
11798 7853
1519 10267
193 10290
10795 5731
13077 270
7898 399
2055 10354
6242 1738
8346 8163
7124 6690
8790 7765
4982 8875
9302 7619
10538 2661
8719 13170
8642 12898
7764 8988
13045 1835
10370 12805
4757 5341
1602 7544
371 5453
11144 12870
1509 5953
3790 9773
7028 4425
4364 5423
7932 585
1384 3737
7261 4590
2745 16
13149 13080
8022 3765
10487 9461
11899 1458
12864 7480
4812 3682
11469 5444
6379 5145
10030 4163
11467 3343
12852 10839
7822 7871
7085 4145
1702 7550
3226 6310
12595 11189
2527 9491
1700 4098
11549 9132
9252 9353
6244 11253
8602 12418
5983 978
9849 625
439 9951
1302 1940
1993 2084
12130 2767
1294 3750
9953 40
3023 1282
12527 5221
7373 5947
12249 3344
1671 49
5831 10559
1919 5352
3834 11379
1636 3065
9198 2576
2141 44
8891 8239
402 9980
10176 7015
248 5866
7611 176
5987 8320
10456 10953
4776 6430
8460 11942
9852 2260
2062 10326
11311 334
2040 3418
3545 8353
3829 5141
3477 2039
2807 12895
5290 12477
12753 3343
7122 9818
13196 8513
3520 9620
939 2300
12 2484
1597 6202
5672 12742
2355 5967
10902 1598
11303 1664
396 2369
154 2888
7588 4862
11764 4335
4252 2537
5159 9337
7782 12077
10151 4845
7786 1534
7959 9639
2069 2324
6537 8832
8577 2041
8891 1409
6787 2622
1478 1826
13038 12573
10844 7436
12402 10541
1285 2356
5730 5242
11520 4076
12996 2187
8096 4663
10665 1631
2757 12543
2961 12434
9236 4226
3925 3671
7195 11530
3189 2537
8070 2746
3983 3241
3427 9591
9673 2343
3271 3503
11303 2493
1995 10339
3480 8355
4151 10636
5354 4625
3202 2235
3901 6048
7654 10210
3347 4104
4467 4567
10809 7420
11479 7999
10117 11444
6752 6355
8057 8418
10853 11200
148 7926
4600 8987
4919 10219
12217 5091
8482 526
11611 12353
6712 10649
9390 4486
9526 9238
8594 7098
4721 2653
1328 4256
7619 6079
10045 8281
4631 9175
9219 6840
9926 2578
8516 11392
2600 12058
8052 12947
9523 3344
7143 8784
9843 1499
10550 7422
9503 11716
3981 6034
3954 7374
1967 5712
4666 3120
13063 4717
1936 2372
9983 10384
1355 9178
9931 3156
4947 9170
1880 4046
1857 2245
3938 10729
446 5298
11695 2407
7847 5467
4227 12945
7172 6983
11988 2761
194 5928
950 4489
8754 7644
7008 3115
9077 5473
9192 9668
5018 10995
6494 6314
6294 11323
10769 8871
626 3249
3633 9366
4195 11716
4710 2648
10667 11370
8832 12061
7451 7636
6585 10014
1449 145
4571 13097
11583 7559
6625 5428
4553 6988
10411 7592
7317 1740
10660 1711
12428 6855
4151 10213
2888 7613
8179 9095
11586 13087
12474 8816
7373 2389
1090 8939
4541 12396
1890 12349
1870 4143
5194 3851
80 10789
3939 8537
5910 7843
10827 5252
7703 6481
8652 459
8974 3374
11295 10220
10714 7126
6859 9069
9013 3606
8599 1532
3028 4954
1859 12671
12571 8218
1457 11549
8105 1928
11575 3853
11326 2976
12631 6899
10450 4778
12871 12838
11793 9691
10833 6014
7782 2612
12364 19
8735 10291
4747 5011
6139 2602
6316 1241
7651 11338
3125 9148
3089 10849
7600 2517
9752 8866
8802 12663
4262 5459
928 9412
13173 3865
2055 3455
11535 576
7961 2587
12549 2142
8925 6064
10884 1331
12328 12742
12880 2293
5297 9916
2743 3162
1604 12209
10004 5800
3474 1987
5097 6628
7856 9017
5273 8778
13012 4029
12303 12644
3509 5117
12883 2410
8089 13119
12359 10337
2222 1971
634 11085
12973 6561
11952 11645
12692 9429
3089 5387
3214 12010
9912 1126
5520 1119
11264 7588
10378 6821
2482 6587
12639 8679
3095 5523
9303 4490
7251 9063
1708 5645
2739 2924
5249 1080
2964 8557
12078 5655
1161 6332
3514 6957
11680 6976
10708 780
7285 8323
4251 1841
7480 10145
4625 708
11515 4427
9336 9526
7655 135
1027 429
4225 8544
12749 7664
10477 4272
8925 9390
1765 8285
6116 8894
4065 2261
12321 7634
416 10866
7473 11685
11432 4177
12202 6081
1876 12066
13125 834
9077 2960
7011 5837
7979 3080
6249 11232
5377 9570
1790 3865
9318 10516
7993 5016
10769 12405
5922 4007
12613 1048
5012 2119
9389 105
6003 6270
6888 1709
6159 9640
10635 7491
7990 11453
6647 198
2312 3685
10650 6559
7983 1463
7820 12459
2991 5668
8195 9395
3819 11272
6665 3382
3986 4324
2787 8293
11314 10295
7915 4798
10719 10299
424 8389
13155 1106
8117 1411
4234 9183
2337 10492
8007 8629
5274 12967
2155 1338
2962 5140
2793 5430
7500 6292
12635 348
5666 7598
6759 3714
7659 5851
9375 6761
4723 9521
11496 8783
9997 4483
9473 10499
10977 3844
12806 6080
1208 4861
4225 3861
5252 9650
1888 324
7536 2132
5025 4894
7871 12832
5782 7792
12652 11838
9021 4883
8361 10143
1919 11935
1198 5262
6148 6709
11384 8300
3297 10465
8136 3856
6581 1516
5199 2320
2421 11191
1246 3439
2267 12469
6626 789
5370 2999
10652 1098
11040 3576
9947 11205
10293 9151
12358 247
10099 1969
5716 11867
6570 1846
19 12844
3202 8761
3211 5060
12248 3315
6289 1936
7624 5636
5051 9134
3176 2364
1439 7405
62 2610
2420 9856
1190 11889
7548 8036
4397 528
2496 7664
6044 4687
10273 11405
12204 791
11046 9153
509 3292
1845 8371
3303 2894
3887 8881
1054 305
12752 6806
9544 6531
4421 2769
1179 5855
13161 3226
10076 5541
6664 11180
6946 11620
12967 1950
8617 7849
11475 1233
5748 4751
7166 8038
9143 3237
704 9360
12874 10354
12669 4448
1194 5181
10710 11701
12519 3045
5777 10210
9872 4559
13043 2212
6890 2281
6560 4466
9265 12331
5851 7610
5987 2471
8686 7963
5039 8370
10038 4172
8345 9088
3338 7045
1746 7310
7255 12541
5135 3761
11892 1967
7134 6251
802 6196
10341 7856
7295 5815
6329 938
6786 11136
12816 13130
4086 6012
1077 6882
12234 1456
1205 5936
11956 4873
6165 4783
6072 7319
3864 185
12510 7292
12985 8158
1630 11805
13171 2701
5250 4882
9376 5465
2936 5844
5082 6661
4354 10251
7642 7502
11553 7237
9748 5429
12655 1751
9604 1796
12219 7659
11035 5271
2046 2967
3871 9412
4155 7554
1615 13096
8295 9514
10940 11223
12565 6455
10916 333
7333 8708
6353 432
1163 1401
10628 9429
6182 5069
5967 9504
11634 5433
13070 2830
11540 10469
13212 11656
3095 6824
8172 1330
2164 819
12953 7899
4503 8777
6770 3415
7912 2518
6786 9153
531 3622
12626 4315
8393 8880
3384 1960
9482 719
3822 3452
13169 5352
551 3831
12035 5201
4002 5980
3987 5243
1350 12718
7176 6141
7319 2889
9035 11791
1972 11751
12575 10774
10411 6456
6516 3082
2330 7594
680 510
7481 9123
6283 13213
98 10785
9026 9433
2291 9379
12772 2051
8779 12540
7457 11172
5567 1928
959 6638
4288 7699
4991 12476
8055 9092
4470 11017
12025 6207
3424 1022
1128 10112
3174 5624
2791 1034
4667 7346
7296 2386
369 2875
1497 9097
8293 321
7536 11695
5105 12176
11874 7980
1110 13045
6781 10303
8429 8149
12074 12333
12749 872
11191 6890
7971 8079
7692 947
7045 10407
12047 1399
10560 13166
10751 6768
4871 1095
8185 10243
3087 7050
1827 3108
5355 7590
1811 7288
6680 3165
56 1012
3046 8634
748 588
3685 1570
703 6469
9379 2612
12035 2227
2702 2568
8118 6295
4378 1595
2992 5442
4085 12576
2133 8171
6172 638
2340 12358
11283 3003
1805 6610
335 3090
5680 12835
10450 1425
6192 378
8809 7120
332 10212
1578 980
3176 5748
11051 12447
8380 4121
287 9136
11658 2201
9645 2894
2546 127
11811 12823
6942 9130
12694 9936
7249 3471
10774 64
12020 3242
8363 9206
3976 11645
7218 7382
4541 5203
10295 10121
8527 3930
11012 2769
2963 2474
5702 4968
4267 5578
11316 9568
8970 12575
9844 4137
12545 8610
3994 6467
9939 12507
4185 4146
8159 10513
575 9584
7167 6563
7975 843
11887 9157
10 10548
12391 8092
2594 4378
1483 8661
9882 10396
1761 2175
7070 12923
11463 1898
6010 12253
10772 326
8825 12484
208 719
3785 3280
1777 3971
7064 1062
8520 4721
6802 7448
822 5926
12194 7742
844 11947
12197 12678
4824 1171
10548 12775
12475 13014
5317 10314
9238 535
12096 278
11856 5581
4716 8220
543 1720
5126 1755
2679 10540
4838 11790
12143 1673
320 317
8358 3171
5156 1204
8741 6845
7086 6102
8780 1400
2250 10206
11757 2060
993 4340
12515 5919
11522 3264
4361 9958
13132 11398
7715 857
10684 1983
4985 7077
752 9770
3604 8155
3940 11119
3869 10873
6889 4750
2500 1331
1169 5020
4892 10619
2242 8351
11035 5236
10198 8515
6245 3173
12157 961
3152 3255
11347 12534
11964 2076
12361 5870
7358 9874
10709 8576
3972 4427
10082 944
11568 7399
11722 2833
9308 1148
3458 9804
9201 11521
7054 11955
3926 10792
7806 1050
9259 3121
7737 11708
1484 9018
10879 12824
12471 7524
9885 12980
4723 6301
8517 4038
9495 13083
441 5487
8139 4133
8016 361
10590 3837
8129 11540
11178 9922
4063 4270
9126 7422
4895 6987
5569 9053
5375 7468
12019 3138
5764 1017
9393 10944
11305 7423
9600 12732
11649 6721
5374 5292
7127 10450
3174 8180
9649 8630
12016 8998
2174 5849
10231 7211
723 2327
9239 7562
1255 10109
9600 3085
986 6256
3742 850
9959 9991
12290 6975
3810 5303
2315 1009
9945 3441
426 7778
5920 796
1738 10908
8242 4251
5570 7707
4524 11395
10704 3447
3657 7287
753 8848
12615 7062
12423 4408
4624 12026
5709 6919
8573 3648
6878 6370
7208 10403
19 8835
9239 7953
6258 12726
12001 12737
11449 6927
3380 10235
291 510
3361 9382
12670 8922
3770 405
8537 5070
5047 11695
2113 11184
2556 5806
9727 2587
5678 2138
8582 6844
4481 7504
8127 5225
12143 2717
10193 4410
5431 6297
677 5891
11477 4129
11285 7045
117 7430
12263 8324
4364 4640
5070 6183
1429 4818
12710 803
9241 10751
11710 11756
4134 8466
4187 7810
2323 1580
7162 9546
8577 3347
10749 1028
1175 7915
8129 1773
8089 1526
3989 4234
11760 764
11762 7400
6638 8750
5984 11302
5472 3960
4999 10067
9102 11285
7874 7377
2076 860
3621 6203
1104 7087
2005 10200
4514 3789
4042 10919
9065 7944
3118 9573
10371 1125
9655 12544
5868 7585
3575 3841
2603 10795
11403 6629
7762 12909
1869 1092
1388 8938
8535 5064
1073 12854
3780 2510
2314 11646
4624 11891
3378 13183
7330 12694
7728 577
3346 5256
145 2138
2851 2705
1412 11608
7759 2038
3470 7188
5953 5439
5843 12068
4779 10607
6727 11072
2407 12190
9227 12354
2529 10330
5972 7295
11559 10532
2709 920
12690 6986
8459 8486
10363 6459
11761 1883
9828 1591
6032 357
2359 1900
4385 3360
7393 4259
259 3233
1938 8862
4001 12297
5552 4686
10179 9917
3999 2325
362 7089
9037 4288
8264 4831
8593 793
9999 7704
10507 8489
9832 965
7925 4561
12531 9694
9620 6604
8792 339
8935 6465
10386 892
4272 8248
7839 10177
6336 274
10198 3143
7296 10090
8425 3806
11182 8006
7587 4300
7263 516
6976 8312
11152 719
1927 7982
11610 11894
1030 10323
7596 2958
117 8011
5775 4033
5075 3514
12953 10758
7710 2504
8747 3102
6357 5572
3289 6396
5544 9272
4870 6200
5402 108
1959 12094
8569 403
4562 1227
168 6381
6851 9060
7347 3088
11118 10993
9116 5998
12190 12883
12914 2737
9462 9079
9560 2274
2481 8470
10947 2726
8018 4090
1083 7996
10595 12048
1595 9422
2116 8929
6482 7408
5830 10255
8036 5282
3354 7924
6308 9908
10107 7996
12011 5398
10256 12169
3111 3379
10607 4476
9728 353
1670 8817
6947 4835
12093 6941
7831 12697
3634 13018
10916 10580
12109 1105
5641 10934
4711 4273
4589 5065
196 7787
8150 2922
3860 2269
7263 1194
12432 7705
7988 10024
220 6590
900 3808
10997 8808
3898 9685
5596 5618
8533 2659
11921 5201
6206 8547
10345 4286
7711 3545
4934 743
4650 12708
7272 2362
11794 9415
11059 8504
4952 4873
9876 2824
192 8736
10388 7596
10290 7818
10414 345
3851 8383
9932 11819
433 1014
3268 7026
2168 3175
7800 8840
3456 6665
11922 4225
11289 827
5972 13148
7737 3062
6581 6006
8144 5140
12958 12715
10649 11019
7662 2298
11479 1123
3162 7415
5823 6097
6259 10325
11066 6093
10836 7785
1127 6865
2964 4590
11657 10113
1841 7556
4995 10992
669 10840
8144 9170
10258 5096
1572 10565
5955 5440
9724 4049
4895 2004
12467 12312
904 8438
12955 2539
1090 9051
9368 4048
3053 1381
3141 522
3803 6058
2393 11039
12584 4937
11209 12761
9754 6151
8482 9483
71 983
12031 9515
4316 3248
8927 1109
3185 10693
8840 11963
9100 343
3872 1877
1648 9764
11565 3732
3508 7910
9064 3617
8121 4715
5895 7678
2110 7234
7056 5367
4344 578
2561 8613
6753 503
6860 378
2462 2315
7589 21
5243 8785
9673 2130
1102 7664
7732 10304
3078 7432
12537 6563
11133 979
4512 9576
5237 9051
7485 7810
7527 7349
9107 1
12053 8242
2544 10097
12571 4019
515 12001
8705 4036
12973 495
8793 9682
4568 1003
12415 9545
8354 220
226 1120
7185 2652
12836 6166
1239 2735
11388 2287
8447 9455
1937 6138
10926 379
8950 9844
6177 11723
1921 1129
1925 11407
12480 194
4110 10746
13118 3412
9912 1345
3826 11600
1403 9526
7784 247
7003 2007
11929 6046
10154 5697
12294 8380
8840 5151
11377 5615
1619 9054
726 7664
8577 8454
12058 10675
3425 8799
6804 5845
8455 6190
4373 3736
4502 5252
12297 1081
12662 8606
4241 4897
11404 3746
2030 11563
947 7167
6078 4830
390 2546
6728 12014
588 6386
9064 7170
5846 7207
10068 10432
10696 774
9582 823
12149 2024
2108 5014
124 3977
3347 12049
9779 12776
12101 11081
2701 7044
5047 9184
10193 828
8540 9883
8267 11575
5097 13028
4463 11886
2383 13048
12915 11708
617 6241
3329 6852
12293 6056
1607 2722
11412 5807
7237 4451
452 4047
3947 3488
2065 8824
535 3492
4705 1013
7923 6538
1584 12067
8006 9078
12863 12189
2393 5176
7627 5064
12662 12608
3812 12371
11334 1627
6870 3754
8393 5579
4803 4087
8703 7666
1829 2385
4497 5720
2632 12872
6556 1304
5383 8931
3129 4050
3115 55
2621 4557
4807 7012
2375 881
2362 10703
8008 3659
6320 5566
1288 6304
11404 5513
2165 9309
12970 11908
3465 5079
9959 2824
13110 2596
12035 2228
3344 11060
8151 12641
12247 3935
4641 11975
7119 2509
890 1380
5667 8798
4170 7185
8528 8981
232 2511
5706 1736
8725 9450
486 9604
2117 963
5627 12234
12807 13165
996 13066
11680 267
11949 5952
432 8949
3647 11119
10514 6126
3795 8200
8224 5297
6671 13178
6954 320
11598 8594
3277 10328
9530 9748
13164 7993
10787 9621
3980 1837
1245 12737
8357 934
6567 7469
462 10004
4128 1173
12874 8965
8421 7200
8743 198
12548 8831
1099 158
6241 1328
218 11799
1844 1082
9297 7168
2534 11191
12036 678
9127 6855
5220 12637
3232 8883
11105 1298
5555 4219
11880 7227
6290 11532
419 9678
7246 6202
2866 1971
7791 3803
320 13060
3178 7564
12846 11952
1935 1714
8037 4287
5873 10304
7268 5120
2292 4645
4083 10672
2383 2607
2472 7622
9782 281
10358 7409
11383 9037
12192 7286
4438 8237
10105 7244
3641 2171
10350 3037
8755 5296
91 2722
2846 6406
10143 7113
6773 10716
4507 6462
10173 124
189 7395
11977 10124
2477 4457
9091 9441
6252 6863
12220 7130
5121 10129
1735 3971
5755 2109
6083 3362
7312 4261
9512 12753
5701 10584
2691 6051
7038 12690
12833 3936
5097 11387
2987 4345
10779 8228
6311 10869
1156 6400
3523 5359
4012 1939
1482 10283
6310 13147
6479 3406
10633 3268
8485 2131
3919 12931
2050 7797
7675 9260
1579 12464
6464 446
963 12306
10992 5434
4344 790
10261 8364
7313 12941
5291 1627
8367 10432
1568 11073
347 6817
11691 1101
12949 5353
6050 5707
2688 10311
5658 1004
12361 5013
5973 7336
4665 5061
9129 5331
8544 3083
5561 1129
5833 9536
8935 8206
7690 6072
11109 10331
10029 4635
6444 9125
7002 4705
12677 8451
4037 2358
2595 5977
5982 1840
8078 2922
5358 6247
199 11269
5105 1309
4291 6206
1258 2331
6800 13053
7609 5994
7619 5186
9643 1123
12817 9730
2146 5268
9284 2311
11209 12357
12745 2907
3530 2188
11386 6022
8697 4499
2645 11714
7150 1201
1442 8149
6602 3054
7694 4226
4160 2639
7730 6373
4572 1937
11946 48
12212 2446
2443 260
7158 12911
9624 6206
12958 6540
12163 11471
5400 5971
9829 1277
6228 891
11846 13072
5643 360
2322 9021
1974 11160
1278 11583
3383 3873
6296 12318
4702 216
8919 6389
9427 573
3511 10656
3127 8245
4307 11208
1689 5793
10156 2710
6960 13104
4944 12071
5142 6170
3909 2636
10295 10545
9513 42
10778 11380
3943 3091
2883 3264
7246 501
4836 5539
9979 4828
1019 6376
11734 5497
7163 10433
6904 10896
2357 3687
1583 4537
8802 2664
6033 7464
3058 8174
3531 9812
12549 4051
9915 5721
5606 11333
7809 536
4266 7225
9765 5252
7317 9767
1626 3230
12331 9644
6876 11261
2515 43
2129 1726
8078 7523
2939 8598
11621 3875
13006 7116
5759 9804
2651 2478
9325 5801
5907 238
4554 9562
5880 10503
6946 13142
765 451
11412 11832
8744 1153
5753 5128
9701 1835
5942 12282
8808 10583
8669 5038
1304 7851
8129 8873
5204 3653
3654 4612
11565 12952
10392 8046
9244 5237
11842 7350
11755 7364
10396 11934
4519 6022
4944 10467
7539 3272
9706 5674
5384 4377
9428 1047
206 9433
7114 6356
2908 10034
10633 4796
9477 10836
12535 5599
12983 12102
2613 12057
726 4217
5226 6374
4704 11745
2188 13131
9145 8440
9909 9914
544 2013
8387 9198
9440 12919
11070 2560
2475 8483
3412 7087
4154 4000
12068 4577
12996 10126
8335 9618
3415 8195
10032 4860
11303 4461
7274 6295
5212 8321
2897 10053
3345 12972
4098 9705
11032 12182
11705 6089
1227 7900
1455 5516
