50 125
0 3 2061
0 23 11640
0 41 6075
0 45 10514
1 9 10511
1 12 6368
1 17 6618
1 18 4749
2 31 8828
2 38 2644
2 44 6071
2 48 8048
3 8 8616
3 21 6064
3 35 2546
4 12 749
4 17 6464
4 25 6328
4 28 5303
4 29 9903
4 35 2751
5 11 3042
5 16 5486
5 24 6036
5 35 10450
5 45 10720
6 10 9302
6 17 4539
6 20 10862
6 24 1971
6 30 1865
6 31 11063
6 34 8536
6 41 5460
7 9 3528
7 15 403
7 19 11521
7 32 2285
7 35 3288
7 43 4765
8 11 7588
8 27 1140
8 35 11590
8 48 5299
9 22 11215
9 33 2248
9 44 9123
10 24 2906
10 26 11048
10 27 7135
10 28 349
10 32 1489
10 35 9600
10 48 8790
11 14 8153
11 17 4857
11 30 10869
12 18 6684
12 44 7772
12 47 5127
13 21 6278
13 26 8059
13 38 2636
13 40 11939
14 17 8746
14 21 4679
14 27 8111
14 29 8497
14 37 11671
14 40 8208
15 41 6862
16 22 5464
16 26 11723
16 35 796
16 45 8096
16 46 5031
17 29 11735
17 30 7783
17 40 920
18 29 931
18 33 2193
18 43 11166
18 49 9936
19 27 10517
19 40 11412
19 45 4813
20 27 2627
20 28 11070
20 33 3703
20 37 7510
21 33 9669
21 35 7716
22 25 7055
22 37 5293
22 47 210
23 30 7733
23 31 1469
23 47 11235
24 32 2978
24 34 9201
24 35 3804
24 38 5660
25 28 394
25 42 6658
25 49 2561
26 35 7942
26 43 1343
27 34 9085
27 36 12387
27 42 2173
28 29 8593
28 44 12049
28 45 5558
28 46 2354
29 35 3762
29 43 8502
29 47 8845
29 49 5349
30 34 170
31 38 9271
32 45 7268
34 46 387
37 46 6772
39 44 9824
40 44 59
20
12 9
3 7
6 13
44 0
5 45
49 22
34 10
36 38
47 25
34 41
20 21
47 17
43 28
18 26
46 25
36 15
30 46
25 28
5 19
18 15
